1704449901143 0.0 0
1704449902276 0.0 1
1704449903369 0.0 2
1704449904427 0.0 3
1704449905658 0.0 4
1704449906588 0.0 5
1704449907784 6e-05 6
1704449908844 6e-05 7
1704449909794 0.00022 8
1704449910703 0.00057 9
1704449911628 0.00083 10
1704449912514 0.00313 11
1704449913269 0.0024 12
1704449914118 0.00302 13
1704449915035 0.05679 14
1704449915892 0.18232 15
1704449916758 0.40275 16
1704449917492 0.3219 17
1704449918326 0.38205 18
1704449919074 0.32725 19
1704449919827 0.31002 20
1704449920555 0.26947 21
1704449921287 0.35681 22
1704449922187 0.42782 23
1704449923162 0.47105 24
1704449923898 0.43875 25
1704449924631 0.36491 26
1704449925376 0.43978 27
1704449926229 0.48 28
1704449927079 0.48499 29
1704449928037 0.53204 30
1704449928811 0.50256 31
1704449929560 0.48027 32
1704449930318 0.45336 33
1704449931064 0.42816 34
1704449931798 0.42422 35
1704449932576 0.42659 36
1704449933396 0.40652 37
1704449934159 0.39395 38
1704449934892 0.4367 39
1704449941042 0.42778 40
1704449941815 0.47344 41
1704449942543 0.48978 42
1704449943287 0.45399 43
1704449944132 0.434 44
1704449944888 0.43289 45
1704449945617 0.48769 46
1704449946354 0.50185 47
1704449947217 0.53816 48
1704449948172 0.54708 49
1704449950317 0.5470754380050505 49
