1704449901143 0.0 0
1704449902276 0.0 1
1704449903369 0.0 2
1704449904427 0.0 3
1704449905658 0.0 4
1704449906588 0.0 5
1704449907784 0.00014 6
1704449908844 0.00014 7
1704449909794 0.00068 8
1704449910703 0.00167 9
1704449911628 0.00318 10
1704449912514 0.00767 11
1704449913269 0.00628 12
1704449914118 0.00777 13
1704449915035 0.15016 14
1704449915892 0.41766 15
1704449916758 0.89451 16
1704449917492 0.94534 17
1704449918326 0.93919 18
1704449919074 0.99125 19
1704449919827 0.96187 20
1704449920555 0.77603 21
1704449921287 0.89278 22
1704449922187 0.97 23
1704449923162 0.995 24
1704449923898 0.995 25
1704449924631 0.995 26
1704449925376 0.995 27
1704449926229 0.995 28
1704449927079 0.995 29
1704449928037 0.995 30
1704449928811 0.995 31
1704449929560 0.995 32
1704449930318 0.995 33
1704449931064 0.995 34
1704449931798 0.995 35
1704449932576 0.995 36
1704449933396 0.995 37
1704449934159 0.995 38
1704449934892 0.995 39
1704449941042 0.995 40
1704449941815 0.995 41
1704449942543 0.995 42
1704449943287 0.995 43
1704449944132 0.995 44
1704449944888 0.995 45
1704449945617 0.995 46
1704449946354 0.995 47
1704449947217 0.995 48
1704449948172 0.995 49
1704449950317 0.995 49
