1704449901143 0.0 0
1704449902276 0.0 1
1704449903369 0.0 2
1704449904427 0.0 3
1704449905658 0.0 4
1704449906588 0.0 5
1704449907784 0.00022 6
1704449908844 0.00022 7
1704449909794 0.00089 8
1704449910703 0.00178 9
1704449911628 0.00244 10
1704449912514 0.00333 11
1704449913269 0.00311 12
1704449914118 0.00333 13
1704449915035 0.00333 14
1704449915892 0.00333 15
1704449916758 0.00333 16
1704449917492 0.00763 17
1704449918326 0.00333 18
1704449919074 0.93344 19
1704449919827 0.91976 20
1704449920555 0.81942 21
1704449921287 0.92266 22
1704449922187 0.93023 23
1704449923162 0.93494 24
1704449923898 0.98461 25
1704449924631 0.97667 26
1704449925376 0.98391 27
1704449926229 0.98802 28
1704449927079 0.98797 29
1704449928037 0.99021 30
1704449928811 0.99071 31
1704449929560 0.98753 32
1704449930318 0.97663 33
1704449931064 0.97426 34
1704449931798 0.97737 35
1704449932576 0.98357 36
1704449933396 0.98286 37
1704449934159 0.98616 38
1704449934892 0.98427 39
1704449941042 0.9871 40
1704449941815 0.98981 41
1704449942543 0.9915 42
1704449943287 0.9927 43
1704449944132 0.99309 44
1704449944888 0.99327 45
1704449945617 0.99338 46
1704449946354 0.99424 47
1704449947217 0.99481 48
1704449948172 0.99524 49
1704449950317 0.9952627058087044 49
