1704449901143 0.0 0
1704449902276 0.0 1
1704449903369 0.0 2
1704449904427 0.0 3
1704449905658 0.0 4
1704449906588 0.0 5
1704449907784 0.06667 6
1704449908844 0.06667 7
1704449909794 0.26667 8
1704449910703 0.53333 9
1704449911628 0.73333 10
1704449912514 1.0 11
1704449913269 0.93333 12
1704449914118 1.0 13
1704449915035 1.0 14
1704449915892 1.0 15
1704449916758 1.0 16
1704449917492 1.0 17
1704449918326 1.0 18
1704449919074 0.93498 19
1704449919827 0.76551 20
1704449920555 0.66667 21
1704449921287 0.79569 22
1704449922187 0.88985 23
1704449923162 1.0 24
1704449923898 1.0 25
1704449924631 1.0 26
1704449925376 1.0 27
1704449926229 1.0 28
1704449927079 1.0 29
1704449928037 1.0 30
1704449928811 1.0 31
1704449929560 1.0 32
1704449930318 1.0 33
1704449931064 1.0 34
1704449931798 1.0 35
1704449932576 1.0 36
1704449933396 1.0 37
1704449934159 1.0 38
1704449934892 1.0 39
1704449941042 1.0 40
1704449941815 1.0 41
1704449942543 1.0 42
1704449943287 1.0 43
1704449944132 1.0 44
1704449944888 1.0 45
1704449945617 1.0 46
1704449946354 1.0 47
1704449947217 1.0 48
1704449948172 1.0 49
1704449950317 1.0 49
