0 0.5850729166666666 0.0756111111111111 0.09375 0.12345833333333334
0 0.4901666666666667 0.0663611111111111 0.089125 0.1327222222222222
0 0.77778125 0.277 0.10185416666666666 0.10956944444444444
0 0.7818333333333333 0.49383333333333335 0.10532291666666667 0.1327222222222222
0 0.6626145833333333 0.5007777777777778 0.11920833333333333 0.15586111111111112
0 0.7766249999999999 0.7021666666666667 0.11111458333333334 0.129625
0 0.7546250000000001 0.8618888888888888 0.07870833333333334 0.10338888888888889
0 0.6400416666666667 0.7484583333333333 0.13426041666666666 0.14197222222222222
0 0.6273125 0.9212916666666667 0.10185416666666666 0.1111111111111111
0 0.359375 0.8811666666666668 0.089125 0.10184722222222221
0 0.2638854166666667 0.8410555555555554 0.09259375 0.13580555555555557
0 0.21469791666666668 0.709875 0.10763541666666666 0.07098611111111111
0 0.11227083333333333 0.5779305555555556 0.08333333333333333 0.12808333333333333
0 0.35475 0.2222222222222222 0.10532291666666667 0.120375
0 0.2633125 0.2600277777777778 0.08448958333333333 0.12191666666666667
0 0.19502083333333334 0.2685138888888889 0.07060416666666666 0.120375
0 0.14236458333333332 0.29244444444444445 0.07176041666666667 0.07870833333333334
0 0.2685208333333333 0.12731944444444446 0.09490625 0.11573611111111111
0 0.12789583333333335 0.11419444444444445 0.0011562500000000002 0.0061666666666666675