0 0.26967708333333335 0.11497222222222223 0.09954166666666667 0.12191666666666667
0 0.16725 0.16204166666666667 0.08217708333333333 0.08025
0 0.14698958333333334 0.28858333333333336 0.0625 0.07406944444444444
0 0.19096875000000002 0.27005555555555555 0.07176041666666667 0.11419444444444445
0 0.2627291666666667 0.2708333333333333 0.08102083333333333 0.1466111111111111
0 0.38252083333333337 0.2060138888888889 0.13079166666666667 0.11265277777777778
0 0.15971875000000002 0.8055555555555556 0.09490625 0.08333333333333333
0 0.2662083333333333 0.8780833333333333 0.07870833333333334 0.10494444444444445
0 0.7725729166666666 0.2569444444444444 0.10532291666666667 0.12808333333333333
0 0.5891249999999999 0.36033333333333334 0.13194791666666666 0.2175972222222222
0 0.6203749999999999 0.9498472222222222 0.08102083333333333 0.10030555555555555
0 0.7760416666666666 0.48070833333333335 0.0960625 0.12191666666666667
0 0.7835625 0.6790138888888889 0.09028125000000001 0.10802777777777778
0 0.7523125 0.8881111111111112 0.08795833333333333 0.12191666666666667