0 0.5810208333333333 0.4961388888888889 0.129625 0.19290277777777776
0 0.7638854166666668 0.2855 0.11111458333333334 0.1605
0 0.7627291666666667 0.509263888888889 0.10416666666666667 0.14505555555555555
0 0.7853020833333333 0.7083333333333334 0.09375 0.12345833333333334
0 0.62846875 0.7299444444444444 0.15509374999999997 0.2345694444444444
0 0.6273125 0.9475277777777779 0.11805208333333334 0.10494444444444445
0 0.7638854166666668 0.8726805555555556 0.10416666666666667 0.11573611111111111
0 0.34490625 0.8773194444444444 0.06944791666666666 0.11573611111111111
0 0.27025 0.8711388888888889 0.07986458333333334 0.09722222222222222
0 0.13426041666666666 0.8225277777777779 0.05323958333333333 0.09568055555555556
0 0.34259375 0.21219444444444444 0.10416666666666667 0.1342638888888889
0 0.4785833333333333 0.06944444444444445 0.11689583333333334 0.1388888888888889
0 0.16204166666666667 0.1597222222222222 0.07407291666666667 0.08179166666666667
0 0.13946874999999997 0.2916666666666667 0.05670833333333333 0.07716666666666668
0 0.19270833333333334 0.2808611111111111 0.07754166666666666 0.09876388888888889
0 0.25346875 0.2808611111111111 0.08333333333333333 0.14505555555555555