0 0.5578749999999999 0.16666666666666666 0.10416666666666667 0.29012499999999997
0 0.4814791666666667 0.06327777777777778 0.07638541666666666 0.120375
0 0.37094791666666665 0.1875 0.10301041666666667 0.18055555555555555
0 0.2708333333333333 0.11651388888888889 0.08564583333333334 0.13116666666666665
0 0.16725 0.16666666666666666 0.089125 0.10802777777777778
0 0.2714166666666667 0.2600277777777778 0.10301041666666667 0.1466111111111111
0 0.18170833333333333 0.277 0.09490625 0.09722222222222222
0 0.765625 0.27545833333333336 0.0960625 0.14351388888888889
0 0.7702500000000001 0.4907361111111111 0.10763541666666666 0.14505555555555555
0 0.7887708333333333 0.7114166666666667 0.0914375 0.1605
0 0.6151666666666666 0.9452222222222222 0.08448958333333333 0.10956944444444444
0 0.7494166666666667 0.8711388888888889 0.08217708333333333 0.10956944444444444
0 0.34143749999999995 0.8757777777777777 0.06944791666666666 0.0941388888888889
0 0.27314583333333337 0.8711388888888889 0.06944791666666666 0.11265277777777778
0 0.14178125000000003 0.8094166666666667 0.052083333333333336 0.08795833333333333