0 0.53240625 0.8626527777777778 0.11573958333333333 0.27469444444444446
0 0.6770833333333334 0.5023194444444444 0.09721874999999999 0.17747222222222223
0 0.7748854166666667 0.2847222222222222 0.08680208333333334 0.10030555555555555
0 0.76909375 0.509263888888889 0.0914375 0.129625
0 0.7766249999999999 0.7060138888888888 0.09954166666666667 0.1342638888888889
0 0.75 0.8773194444444444 0.08564583333333334 0.12191666666666667
0 0.6267395833333332 0.9274722222222221 0.0960625 0.10802777777777778
0 0.64409375 0.75 0.11458333333333333 0.15740277777777778
0 0.35069791666666666 0.8780833333333333 0.08564583333333334 0.1111111111111111
0 0.27951041666666665 0.8711388888888889 0.07522916666666667 0.10648611111111111
0 0.13657291666666668 0.8155833333333333 0.06944791666666666 0.08795833333333333
0 0.37384375 0.18518055555555557 0.129625 0.12654166666666666
0 0.2575208333333333 0.26775 0.10532291666666667 0.1342638888888889
0 0.1875 0.2638888888888889 0.08333333333333333 0.09876388888888889
0 0.14236458333333332 0.2916666666666667 0.08795833333333333 0.08025
0 0.16608333333333333 0.15586111111111112 0.07291666666666667 0.08333333333333333
0 0.48206249999999995 0.04861111111111111 0.08217708333333333 0.09105555555555556
0 0.59490625 0.08255555555555555 0.09259375 0.1466111111111111