0 0.33622916666666663 0.21681944444444445 0.11227083333333333 0.11883333333333333
0 0.26446875 0.277 0.10532291666666667 0.13734722222222223
0 0.19502083333333334 0.2600277777777778 0.08448958333333333 0.09722222222222222
0 0.14178125000000003 0.29475 0.07060416666666666 0.07406944444444444
0 0.265625 0.10802777777777778 0.10995833333333334 0.09568055555555556
0 0.48090625000000004 0.050930555555555555 0.10069791666666666 0.09876388888888889
0 0.59375 0.07406944444444444 0.09490625 0.11727777777777777
0 0.7679375 0.2816388888888889 0.11458333333333333 0.11883333333333333
0 0.7748854166666667 0.48456944444444444 0.10301041666666667 0.129625
0 0.67303125 0.49383333333333335 0.10995833333333334 0.19136111111111112
0 0.7818333333333333 0.7091111111111111 0.0960625 0.14351388888888889
0 0.7575208333333333 0.8603333333333334 0.08217708333333333 0.11265277777777778
0 0.6400416666666667 0.7638888888888888 0.1273125 0.16666666666666666
0 0.62615625 0.9166666666666666 0.08564583333333334 0.120375
0 0.3443333333333333 0.8611111111111112 0.089125 0.120375
0 0.2650416666666667 0.8595694444444444 0.07870833333333334 0.10494444444444445
0 0.1539375 0.8132777777777777 0.07870833333333334 0.09876388888888889
0 0.21238541666666666 0.6990694444444444 0.098375 0.10184722222222221