0 0.5995416666666666 0.07716666666666668 0.10879166666666666 0.1327222222222222
0 0.49073958333333334 0.06018055555555556 0.08333333333333333 0.120375
0 0.2783541666666667 0.12191666666666667 0.09375 0.120375
0 0.35011458333333334 0.2029305555555556 0.08217708333333333 0.12191666666666667
0 0.2517395833333333 0.25926388888888885 0.11689583333333334 0.14505555555555555
0 0.120375 0.5709861111111111 0.08102083333333333 0.12345833333333334
0 0.13426041666666666 0.8109583333333333 0.07870833333333334 0.11883333333333333
0 0.35590625000000004 0.8904305555555556 0.09375 0.11727777777777777
0 0.261 0.8410555555555554 0.08680208333333334 0.09259722222222222
0 0.6377291666666667 0.7476805555555556 0.129625 0.16204166666666667
0 0.6255833333333333 0.9182083333333334 0.098375 0.11727777777777777
0 0.6591458333333333 0.5054027777777778 0.11920833333333333 0.15586111111111112
0 0.7771979166666667 0.49383333333333335 0.10532291666666667 0.14505555555555555
0 0.7766249999999999 0.7013888888888888 0.10879166666666666 0.12808333333333333
0 0.75346875 0.8765416666666667 0.08795833333333333 0.10184722222222221
0 0.7754583333333334 0.2808611111111111 0.10185416666666666 0.12345833333333334