0 0.48611458333333335 0.8425972222222222 0.15740625000000003 0.3024722222222222
0 0.25926041666666666 0.8695972222222222 0.09259375 0.10338888888888889
0 0.35301041666666666 0.8865694444444445 0.09721874999999999 0.10030555555555555
0 0.136 0.8179027777777778 0.08217708333333333 0.07406944444444444
0 0.3431666666666667 0.19906944444444447 0.10763541666666666 0.1512361111111111
0 0.2557916666666667 0.277 0.10185416666666666 0.13116666666666665
0 0.19444791666666666 0.27005555555555555 0.08102083333333333 0.11727777777777777
0 0.1383125 0.29783333333333334 0.07522916666666667 0.06790277777777778
0 0.26909374999999996 0.1111111111111111 0.08448958333333333 0.12654166666666666
0 0.1695625 0.15818055555555555 0.089125 0.10338888888888889
0 0.48553125 0.051694444444444446 0.08448958333333333 0.10338888888888889
0 0.5908541666666667 0.059416666666666666 0.089125 0.11573611111111111
0 0.7662083333333333 0.23919444444444443 0.10185416666666666 0.129625
0 0.6736145833333332 0.4969166666666666 0.10647916666666667 0.15740277777777778
0 0.7748854166666667 0.4814861111111111 0.098375 0.12345833333333334
0 0.7818333333333333 0.7121944444444444 0.0914375 0.13734722222222223
0 0.75346875 0.8688333333333332 0.07638541666666666 0.10802777777777778
0 0.62846875 0.9444444444444444 0.11111458333333334 0.1111111111111111
0 0.6388854166666668 0.7554027777777778 0.11805208333333334 0.16820833333333332