0 0.39814583333333337 0.10184722222222221 0.09954166666666667 0.1111111111111111
0 0.4895833333333333 0.07716666666666668 0.07407291666666667 0.15431944444444445
0 0.5931666666666667 0.09259722222222222 0.08680208333333334 0.1512361111111111
0 0.7737291666666667 0.2800972222222222 0.10995833333333334 0.13116666666666665
0 0.6724583333333333 0.49459722222222224 0.120375 0.17129166666666668
0 0.78471875 0.495375 0.09721874999999999 0.16666666666666666
0 0.7818333333333333 0.7006111111111111 0.0960625 0.13580555555555557
0 0.6273125 0.9197500000000001 0.09954166666666667 0.12345833333333334
0 0.7540520833333333 0.8811666666666668 0.08680208333333334 0.11419444444444445
0 0.27778125000000004 0.2708333333333333 0.10879166666666666 0.11573611111111111
0 0.2581041666666667 0.14891666666666667 0.11573958333333333 0.11883333333333333
0 0.11689583333333334 0.6072500000000001 0.09259375 0.10648611111111111