0 0.7662083333333333 0.2685138888888889 0.1273125 0.10802777777777778
0 0.3489583333333333 0.20679166666666665 0.10995833333333334 0.15431944444444445
0 0.265625 0.27545833333333336 0.10301041666666667 0.15586111111111112
0 0.15104166666666666 0.29244444444444445 0.08448958333333333 0.0941388888888889
0 0.114 0.5817916666666666 0.08448958333333333 0.11727777777777777
0 0.20659375000000002 0.7044722222222223 0.11458333333333333 0.10956944444444444
0 0.15045833333333333 0.8310138888888889 0.07407291666666667 0.07252777777777777
0 0.26215625 0.8456805555555555 0.08217708333333333 0.09259722222222222
0 0.3495416666666667 0.8842638888888888 0.08102083333333333 0.1111111111111111
0 0.6724583333333333 0.49151388888888886 0.11805208333333334 0.17747222222222223
0 0.7876145833333333 0.4861111111111111 0.12153125000000001 0.1388888888888889
0 0.62615625 0.9089444444444446 0.09721874999999999 0.11727777777777777
0 0.7835625 0.7083333333333334 0.09028125000000001 0.1388888888888889
0 0.7552083333333334 0.8819444444444444 0.0914375 0.0941388888888889
0 0.6521979166666667 0.7538611111111111 0.12153125000000001 0.14351388888888889
0 0.20659375000000002 0.16744444444444445 0.07986458333333334 0.12808333333333333
0 0.26909374999999996 0.11883333333333333 0.0914375 0.1111111111111111
0 0.410875 0.09181944444444444 0.120375 0.10030555555555555
0 0.48553125 0.06095833333333334 0.07986458333333334 0.11573611111111111
0 0.6001145833333333 0.08719444444444445 0.10763541666666666 0.1466111111111111
0 0.15566666666666668 0.16280555555555556 0.06596874999999999 0.0756111111111111