0 0.6012708333333333 0.2091111111111111 0.12384375 0.2669722222222222
0 0.7685208333333333 0.27931944444444445 0.09490625 0.12345833333333334
0 0.78009375 0.4814861111111111 0.11342708333333333 0.14815277777777777
0 0.6724583333333333 0.5007777777777778 0.11111458333333334 0.18981944444444443
0 0.7864583333333334 0.6975277777777779 0.11227083333333333 0.14815277777777777
0 0.7552083333333334 0.8641944444444445 0.08217708333333333 0.12654166666666666
0 0.6226875 0.9282361111111112 0.09721874999999999 0.10956944444444444
0 0.6383125 0.7600277777777779 0.11689583333333334 0.16820833333333332
0 0.35185416666666663 0.8873472222222222 0.09490625 0.14197222222222222
0 0.26967708333333335 0.8865694444444445 0.08102083333333333 0.11883333333333333
0 0.20717708333333332 0.7191388888888889 0.09954166666666667 0.10184722222222221
0 0.1383125 0.8125 0.06365625 0.08795833333333333
0 0.2604166666666667 0.277 0.09721874999999999 0.14043055555555556
0 0.38715625000000004 0.19906944444444447 0.13541666666666666 0.16666666666666666
0 0.19617708333333334 0.25848611111111114 0.0960625 0.10648611111111111
0 0.13194791666666666 0.29475 0.067125 0.08025
0 0.16261458333333334 0.15818055555555555 0.07986458333333334 0.08179166666666667
0 0.484375 0.04706944444444445 0.0914375 0.0941388888888889
0 0.5833333333333334 0.067125 0.07638541666666666 0.10338888888888889