0 0.7679375 0.27315277777777774 0.09375 0.10494444444444445
0 0.7771979166666667 0.4907361111111111 0.098375 0.14197222222222222
0 0.7806666666666667 0.7114166666666667 0.10301041666666667 0.14197222222222222
0 0.6255833333333333 0.9560138888888889 0.089125 0.08795833333333333
0 0.7552083333333334 0.8680555555555556 0.08680208333333334 0.10648611111111111
0 0.34780208333333335 0.8827222222222222 0.098375 0.10184722222222221
0 0.26909374999999996 0.8726805555555556 0.089125 0.11573611111111111
0 0.14409375000000002 0.8163611111111111 0.06134375 0.09876388888888889
0 0.34201041666666665 0.20833333333333334 0.11458333333333333 0.129625
0 0.47801041666666666 0.04552777777777778 0.09490625 0.09105555555555556
0 0.26446875 0.10494444444444445 0.07291666666666667 0.129625
0 0.25867708333333334 0.27623611111111107 0.0960625 0.13580555555555557
0 0.5225729166666667 0.9043194444444445 0.10532291666666667 0.19136111111111112
0 0.6255833333333333 0.7206805555555555 0.14004166666666668 0.2006111111111111
0 0.15914583333333335 0.1612638888888889 0.06596874999999999 0.084875