0 0.49768749999999995 0.8194444444444444 0.10416666666666667 0.25616666666666665
0 0.34721874999999996 0.8888888888888888 0.07407291666666667 0.09259722222222222
0 0.27257291666666666 0.8773194444444444 0.089125 0.10338888888888889
0 0.13888541666666668 0.8202222222222222 0.07176041666666667 0.08179166666666667
0 0.2627291666666667 0.27469444444444446 0.09721874999999999 0.129625
0 0.34259375 0.2060138888888889 0.09721874999999999 0.12191666666666667
0 0.26967708333333335 0.10416666666666667 0.09490625 0.11265277777777778
0 0.1695625 0.16358333333333333 0.07754166666666666 0.09568055555555556
0 0.19386458333333334 0.26466666666666666 0.07754166666666666 0.09105555555555556
0 0.1429375 0.29938888888888887 0.07754166666666666 0.06481944444444444
0 0.4785833333333333 0.04861111111111111 0.07754166666666666 0.09722222222222222
0 0.5914375 0.06944444444444445 0.08795833333333333 0.11727777777777777
0 0.7702500000000001 0.26929166666666665 0.10069791666666666 0.10648611111111111
0 0.67534375 0.5100277777777779 0.10763541666666666 0.13734722222222223
0 0.78240625 0.4884305555555556 0.09259375 0.13734722222222223
0 0.7916666666666666 0.7129583333333334 0.09259375 0.129625
0 0.6348333333333334 0.7507777777777777 0.11458333333333333 0.14969444444444444
0 0.7615729166666667 0.8695972222222222 0.09721874999999999 0.09722222222222222
0 0.6209479166666667 0.9506111111111112 0.12384375 0.09876388888888889