0 0.5671250000000001 0.2777777777777778 0.10416666666666667 0.2376527777777778
0 0.7673645833333332 0.2800972222222222 0.09721874999999999 0.10030555555555555
0 0.7853020833333333 0.49227777777777776 0.11689583333333334 0.16358333333333333
0 0.6759270833333333 0.48688888888888887 0.11805208333333334 0.165125
0 0.7881979166666666 0.7021666666666667 0.09721874999999999 0.1327222222222222
0 0.6412083333333333 0.7507777777777777 0.11805208333333334 0.15894444444444444
0 0.6232604166666668 0.9097222222222222 0.10532291666666667 0.11883333333333333
0 0.75346875 0.8641944444444445 0.09490625 0.12345833333333334
0 0.2685208333333333 0.8587916666666667 0.09259375 0.10338888888888889
0 0.359375 0.8734583333333333 0.10763541666666666 0.10184722222222221
0 0.20948958333333334 0.6998472222222222 0.11342708333333333 0.10648611111111111
0 0.25867708333333334 0.27545833333333336 0.0914375 0.14043055555555556
0 0.3807916666666667 0.19058333333333333 0.1226875 0.165125
0 0.4837916666666667 0.050930555555555555 0.07638541666666666 0.09876388888888889
0 0.59259375 0.067125 0.09028125000000001 0.12808333333333333
0 0.17129166666666668 0.15045833333333333 0.08333333333333333 0.07870833333333334
0 0.19791666666666666 0.26466666666666666 0.08795833333333333 0.10956944444444444
0 0.13541666666666666 0.29244444444444445 0.08795833333333333 0.06018055555555556
0 0.13772916666666665 0.8117222222222223 0.067125 0.07406944444444444