0 0.5196770833333333 0.1118888888888889 0.09954166666666667 0.2237638888888889
0 0.3466458333333333 0.22684722222222223 0.0960625 0.09876388888888889
0 0.2575208333333333 0.25154166666666666 0.089125 0.12654166666666666
0 0.15045833333333333 0.29475 0.07870833333333334 0.06481944444444444
0 0.19329166666666667 0.24151388888888886 0.07870833333333334 0.10030555555555555
0 0.2633125 0.11883333333333333 0.0960625 0.09876388888888889
0 0.15566666666666668 0.15586111111111112 0.08680208333333334 0.07406944444444444
0 0.6047499999999999 0.07098611111111111 0.10301041666666667 0.10802777777777778
0 0.7650416666666667 0.277 0.11805208333333334 0.125
0 0.7760416666666666 0.49922222222222223 0.098375 0.13734722222222223
0 0.6712916666666667 0.5015416666666667 0.10185416666666666 0.16358333333333333
0 0.7783541666666667 0.7021666666666667 0.10069791666666666 0.12345833333333334
0 0.63946875 0.7546250000000001 0.13079166666666667 0.1512361111111111
0 0.6180520833333334 0.9205277777777777 0.09028125000000001 0.10338888888888889
0 0.7592604166666667 0.8788611111111111 0.08795833333333333 0.09105555555555556
0 0.26678125 0.8665138888888889 0.08217708333333333 0.10648611111111111
0 0.34490625 0.8742222222222223 0.07407291666666667 0.10338888888888889
0 0.1429375 0.8086388888888889 0.049770833333333334 0.0895