0 0.5225729166666667 0.8518472222222223 0.13772916666666665 0.2962916666666667
0 0.7673645833333332 0.23302777777777778 0.08564583333333334 0.14815277777777777
0 0.7685208333333333 0.49151388888888886 0.09490625 0.15586111111111112
0 0.78125 0.7091111111111111 0.08795833333333333 0.14969444444444444
0 0.7523125 0.8788611111111111 0.08333333333333333 0.12191666666666667
0 0.6192083333333334 0.9421250000000001 0.08102083333333333 0.11573611111111111
0 0.34721874999999996 0.9089444444444446 0.09028125000000001 0.120375
0 0.27430208333333334 0.8780833333333333 0.07638541666666666 0.12345833333333334
0 0.14872916666666666 0.8163611111111111 0.05670833333333333 0.1111111111111111
0 0.3744166666666667 0.20833333333333334 0.14698958333333334 0.1388888888888889
0 0.2627291666666667 0.2638888888888889 0.10647916666666667 0.14505555555555555
0 0.18460416666666665 0.27005555555555555 0.07291666666666667 0.08641666666666667
0 0.13657291666666668 0.2855 0.048614583333333336 0.06172222222222222
0 0.26736458333333335 0.098 0.08795833333333333 0.10648611111111111
0 0.48668750000000005 0.051694444444444446 0.0960625 0.10030555555555555
0 0.16319791666666666 0.16898611111111111 0.06944791666666666 0.12808333333333333