0 0.4814791666666667 0.04938888888888889 0.08564583333333334 0.09876388888888889
0 0.28992708333333334 0.15663888888888888 0.0960625 0.0941388888888889
0 0.2598333333333333 0.25 0.10301041666666667 0.10802777777777778
0 0.35475 0.22530555555555556 0.07522916666666667 0.10802777777777778
0 0.7708333333333334 0.5030833333333333 0.11342708333333333 0.1388888888888889
0 0.79340625 0.6450555555555556 0.08217708333333333 0.08641666666666667
0 0.6481458333333333 0.7623472222222222 0.11342708333333333 0.1882777777777778
0 0.7557916666666666 0.8726805555555556 0.08333333333333333 0.09722222222222222
0 0.62384375 0.9544722222222223 0.08564583333333334 0.09105555555555556
0 0.3495416666666667 0.8950555555555556 0.08102083333333333 0.09259722222222222
0 0.27257291666666666 0.8827222222222222 0.06596874999999999 0.10494444444444445
0 0.16608333333333333 0.2816388888888889 0.07986458333333334 0.10956944444444444
0 0.11111458333333334 0.5956805555555555 0.09259375 0.1327222222222222