0 0.5954895833333332 0.067125 0.08448958333333333 0.10956944444444444
0 0.7731458333333333 0.22994444444444445 0.09028125000000001 0.1327222222222222
0 0.7853020833333333 0.4876527777777778 0.10995833333333334 0.1388888888888889
0 0.6724583333333333 0.4907361111111111 0.120375 0.16666666666666666
0 0.7795104166666668 0.7037083333333334 0.089125 0.1388888888888889
0 0.7725729166666666 0.8819444444444444 0.11458333333333333 0.11573611111111111
0 0.6296250000000001 0.9274722222222221 0.09490625 0.12654166666666666
0 0.6377291666666667 0.7546250000000001 0.1273125 0.15740277777777778
0 0.34780208333333335 0.8881111111111112 0.0914375 0.11265277777777778
0 0.2598333333333333 0.8464444444444446 0.08448958333333333 0.09722222222222222
0 0.13079166666666667 0.8125 0.08333333333333333 0.10648611111111111
0 0.3252291666666667 0.2283888888888889 0.1273125 0.09876388888888889
0 0.2575208333333333 0.25154166666666666 0.09375 0.1512361111111111
0 0.19907291666666668 0.25540277777777776 0.09259375 0.09722222222222222
0 0.14178125000000003 0.28704166666666664 0.07986458333333334 0.08025
0 0.2760416666666667 0.11883333333333333 0.098375 0.1111111111111111
0 0.41319791666666666 0.084875 0.09954166666666667 0.09876388888888889
0 0.48321875 0.05633333333333334 0.0914375 0.11265277777777778
0 0.1695625 0.16898611111111111 0.0914375 0.0941388888888889