0 0.4872708333333333 0.052472222222222226 0.08333333333333333 0.10184722222222221
0 0.5943333333333333 0.06790277777777778 0.08217708333333333 0.11727777777777777
0 0.7731458333333333 0.2600277777777778 0.10647916666666667 0.10956944444444444
0 0.6712916666666667 0.49459722222222224 0.1226875 0.1527777777777778
0 0.7702500000000001 0.4814861111111111 0.098375 0.13580555555555557
0 0.78125 0.7075555555555556 0.09028125000000001 0.12808333333333333
0 0.6377291666666667 0.7592638888888888 0.11342708333333333 0.1605
0 0.7604166666666666 0.8695972222222222 0.08795833333333333 0.0941388888888889
0 0.625 0.9236111111111112 0.09259375 0.0941388888888889
0 0.34780208333333335 0.8773194444444444 0.09375 0.09105555555555556
0 0.2575208333333333 0.8433611111111111 0.08448958333333333 0.08179166666666667
0 0.13715624999999998 0.8179027777777778 0.06596874999999999 0.0895
0 0.12210416666666667 0.5841111111111111 0.07986458333333334 0.12191666666666667
0 0.12441666666666666 0.20755555555555555 0.07754166666666666 0.11573611111111111
0 0.40451041666666665 0.09105555555555556 0.0960625 0.08333333333333333
0 0.261 0.1211388888888889 0.10995833333333334 0.08795833333333333
0 0.17823958333333334 0.14969444444444444 0.0648125 0.08641666666666667
0 0.2754583333333333 0.2777777777777778 0.11342708333333333 0.129625
0 0.14988541666666666 0.2986111111111111 0.08448958333333333 0.0663611111111111