0 0.4837916666666667 0.050152777777777775 0.09028125000000001 0.09722222222222222
0 0.28356250000000005 0.152 0.10416666666666667 0.09105555555555556
0 0.35532291666666665 0.22454166666666664 0.09954166666666667 0.12808333333333333
0 0.25926041666666666 0.2623472222222222 0.11342708333333333 0.13580555555555557
0 0.16492708333333334 0.16820833333333332 0.10301041666666667 0.10494444444444445
0 0.10995833333333334 0.5933611111111111 0.10185416666666666 0.11883333333333333
0 0.15335416666666665 0.8148194444444444 0.06134375 0.08641666666666667
0 0.26967708333333335 0.8827222222222222 0.0648125 0.12345833333333334
0 0.35185416666666663 0.8958333333333334 0.08102083333333333 0.10956944444444444
0 0.7760416666666666 0.5108055555555555 0.11227083333333333 0.12345833333333334
0 0.8009270833333333 0.6535555555555556 0.07407291666666667 0.09722222222222222
0 0.6498854166666667 0.7584861111111111 0.10995833333333334 0.17747222222222223
0 0.7216458333333333 0.7044722222222223 0.11458333333333333 0.15894444444444444
0 0.7546250000000001 0.8672777777777778 0.07407291666666667 0.10184722222222221
0 0.6244166666666667 0.9552499999999999 0.0960625 0.0895