0 0.5740729166666667 0.21219444444444444 0.13194791666666666 0.27315277777777774
0 0.3495416666666667 0.20833333333333334 0.11573958333333333 0.17283333333333334
0 0.76215625 0.27855555555555556 0.10301041666666667 0.10338888888888889
0 0.6741875 0.527 0.13079166666666667 0.16820833333333332
0 0.78009375 0.4891944444444445 0.10647916666666667 0.1327222222222222
0 0.7795104166666668 0.7006111111111111 0.09375 0.14197222222222222
0 0.6487291666666667 0.7121944444444444 0.11920833333333333 0.165125
0 0.6203749999999999 0.9390416666666667 0.09490625 0.12191666666666667
0 0.7552083333333334 0.8719166666666667 0.08217708333333333 0.0895
0 0.34721874999999996 0.8804027777777778 0.08564583333333334 0.10030555555555555
0 0.27257291666666666 0.8757777777777777 0.07754166666666666 0.084875
0 0.214125 0.6550972222222222 0.10879166666666666 0.0756111111111111
0 0.1429375 0.8186666666666668 0.06365625 0.10030555555555555
0 0.2581041666666667 0.27545833333333336 0.10416666666666667 0.10648611111111111
0 0.18460416666666665 0.28704166666666664 0.08217708333333333 0.07406944444444444
0 0.13483333333333333 0.29088888888888886 0.06829166666666667 0.07252777777777777
0 0.2708333333333333 0.10956944444444444 0.07638541666666666 0.129625
0 0.16492708333333334 0.15894444444444444 0.09375 0.09876388888888889
0 0.4814791666666667 0.050930555555555555 0.09490625 0.10184722222222221