0 0.54803125 0.7600277777777779 0.11920833333333333 0.2824027777777778
0 0.78009375 0.7052499999999999 0.129625 0.129625
0 0.7494166666666667 0.8711388888888889 0.07754166666666666 0.10338888888888889
0 0.6232604166666668 0.9521666666666666 0.08680208333333334 0.09568055555555556
0 0.2685208333333333 0.11265277777777778 0.07638541666666666 0.13580555555555557
0 0.4785833333333333 0.06558333333333333 0.10069791666666666 0.13116666666666665
0 0.7662083333333333 0.27391666666666664 0.10647916666666667 0.12191666666666667
0 0.7748854166666667 0.48533333333333334 0.11920833333333333 0.14969444444444444
0 0.35011458333333334 0.20216666666666666 0.09375 0.1512361111111111
0 0.2685208333333333 0.2492222222222222 0.10416666666666667 0.12808333333333333
0 0.14352083333333335 0.8132777777777777 0.0625 0.08025
0 0.26793750000000005 0.8827222222222222 0.07754166666666666 0.10494444444444445
0 0.34259375 0.875 0.07870833333333334 0.08333333333333333
0 0.16204166666666667 0.1512361111111111 0.057875 0.07098611111111111
0 0.18923958333333332 0.24305555555555555 0.07522916666666667 0.0941388888888889