0 0.37153125000000004 0.1890416666666667 0.11805208333333334 0.16204166666666667
0 0.27430208333333334 0.11959722222222222 0.08102083333333333 0.11883333333333333
0 0.2598333333333333 0.2824027777777778 0.10301041666666667 0.14505555555555555
0 0.19270833333333334 0.2623472222222222 0.07522916666666667 0.07716666666666668
0 0.14814583333333334 0.2955277777777778 0.0625 0.06944444444444445
0 0.09780208333333333 0.24151388888888886 0.07522916666666667 0.08179166666666667
0 0.17129166666666668 0.16975 0.09259375 0.09259722222222222
0 0.15451041666666668 0.8117222222222223 0.06829166666666667 0.10494444444444445
0 0.27025 0.8688333333333332 0.07060416666666666 0.10184722222222221
0 0.3495416666666667 0.8919722222222223 0.07407291666666667 0.10184722222222221
0 0.5619166666666667 0.7152777777777778 0.12153125000000001 0.2237638888888889
0 0.6180520833333334 0.9475277777777779 0.07870833333333334 0.10494444444444445
0 0.75115625 0.8819444444444444 0.07407291666666667 0.09722222222222222
0 0.7881979166666666 0.6689861111111112 0.08795833333333333 0.10030555555555555
0 0.7714166666666666 0.5077222222222222 0.0960625 0.10802777777777778
0 0.7737291666666667 0.26775 0.09375 0.09722222222222222
0 0.4837916666666667 0.07176388888888889 0.09259375 0.14351388888888889