0 0.19617708333333334 0.17129166666666668 0.0960625 0.10802777777777778
0 0.40509375 0.08795833333333333 0.10416666666666667 0.06790277777777778
0 0.49132291666666666 0.04783333333333333 0.08680208333333334 0.09568055555555556
0 0.59375 0.06018055555555556 0.08333333333333333 0.11727777777777777
0 0.78125 0.22608333333333333 0.08795833333333333 0.14351388888888889
0 0.7760416666666666 0.4876527777777778 0.09375 0.12654166666666666
0 0.6724583333333333 0.4907361111111111 0.120375 0.1605
0 0.7806666666666667 0.7067916666666666 0.08680208333333334 0.1327222222222222
0 0.6348333333333334 0.7608055555555555 0.13310416666666666 0.1605
0 0.62615625 0.9166666666666666 0.09259375 0.11419444444444445
0 0.7609999999999999 0.8703749999999999 0.08448958333333333 0.08641666666666667
0 0.34548958333333335 0.8842638888888888 0.08217708333333333 0.09259722222222222
0 0.2627291666666667 0.8441388888888889 0.07638541666666666 0.0895
0 0.14352083333333335 0.8125 0.07176041666666667 0.084875
0 0.11689583333333334 0.5771666666666667 0.07638541666666666 0.120375
0 0.2806666666666667 0.25231944444444443 0.098375 0.125
0 0.14814583333333334 0.2939861111111111 0.07870833333333334 0.07252777777777777
0 0.19444791666666666 0.2492222222222222 0.08564583333333334 0.09722222222222222