0 0.7806666666666667 0.27237500000000003 0.10532291666666667 0.14351388888888889
0 0.10879166666666666 0.5817916666666666 0.07176041666666667 0.10802777777777778
0 0.34259375 0.20833333333333334 0.09721874999999999 0.1111111111111111
0 0.2598333333333333 0.26311111111111113 0.09375 0.11265277777777778
0 0.14641666666666667 0.29475 0.089125 0.07716666666666668
0 0.48263541666666665 0.05401388888888889 0.08564583333333334 0.10802777777777778
0 0.6006979166666666 0.07870833333333334 0.08795833333333333 0.1388888888888889
0 0.27314583333333337 0.1118888888888889 0.09490625 0.10338888888888889
0 0.67303125 0.4976805555555555 0.11227083333333333 0.16820833333333332
0 0.7818333333333333 0.4837916666666666 0.089125 0.16204166666666667
0 0.7818333333333333 0.7006111111111111 0.10763541666666666 0.14197222222222222
0 0.6383125 0.7592638888888888 0.11458333333333333 0.16358333333333333
0 0.6226875 0.9266944444444445 0.09490625 0.10956944444444444
0 0.7575208333333333 0.8703749999999999 0.08217708333333333 0.10494444444444445
0 0.35185416666666663 0.8811666666666668 0.08795833333333333 0.09876388888888889
0 0.2627291666666667 0.834875 0.08102083333333333 0.09568055555555556
0 0.14120833333333332 0.8140416666666667 0.0625 0.10956944444444444
0 0.21238541666666666 0.7075555555555556 0.10069791666666666 0.08795833333333333