0 0.16261458333333334 0.1605 0.07986458333333334 0.08641666666666667
0 0.25346875 0.102625 0.05323958333333333 0.11883333333333333
0 0.3020833333333333 0.1257777777777778 0.0625 0.14351388888888889
0 0.14178125000000003 0.28858333333333336 0.06134375 0.0895
0 0.19329166666666667 0.27161111111111114 0.0601875 0.09876388888888889
0 0.2627291666666667 0.27469444444444446 0.09028125000000001 0.1512361111111111
0 0.35532291666666665 0.2029305555555556 0.08333333333333333 0.15894444444444444
0 0.3778958333333333 0.0763888888888889 0.0960625 0.14969444444444444
0 0.4849583333333333 0.06018055555555556 0.08102083333333333 0.120375
0 0.76446875 0.5069444444444444 0.11689583333333334 0.11265277777777778
0 0.79571875 0.6435138888888888 0.07060416666666666 0.09876388888888889
0 0.5520833333333334 0.7469166666666667 0.11805208333333334 0.24383333333333335
0 0.34780208333333335 0.897375 0.07986458333333334 0.11883333333333333
0 0.2708333333333333 0.8695972222222222 0.07407291666666667 0.10338888888888889
0 0.14698958333333334 0.8132777777777777 0.08333333333333333 0.10494444444444445
0 0.6487291666666667 0.7445972222222222 0.09375 0.16204166666666667
0 0.6197916666666666 0.9475277777777779 0.08680208333333334 0.10494444444444445
0 0.7609999999999999 0.8796250000000001 0.07291666666666667 0.10802777777777778