0 0.34780208333333335 0.19906944444444447 0.09375 0.1512361111111111
0 0.25867708333333334 0.25231944444444443 0.10069791666666666 0.12191666666666667
0 0.14352083333333335 0.29320833333333335 0.09721874999999999 0.07716666666666668
0 0.16492708333333334 0.152 0.07291666666666667 0.07252777777777777
0 0.21064583333333334 0.19676388888888888 0.0023125000000000003 0.004625
0 0.5335625 0.7445972222222222 0.10185416666666666 0.22684722222222223
0 0.339125 0.8703749999999999 0.08333333333333333 0.10494444444444445
0 0.26909374999999996 0.8680555555555556 0.07754166666666666 0.09105555555555556
0 0.13252083333333334 0.8094166666666667 0.05670833333333333 0.08795833333333333
0 0.2638854166666667 0.1111111111111111 0.09028125000000001 0.09259722222222222
0 0.48090625000000004 0.050152777777777775 0.0914375 0.10030555555555555
0 0.59259375 0.07252777777777777 0.07407291666666667 0.1327222222222222
0 0.7725729166666666 0.28780555555555554 0.09375 0.11883333333333333
0 0.6741875 0.5023194444444444 0.10763541666666666 0.18981944444444443
0 0.7766249999999999 0.4907361111111111 0.11342708333333333 0.16358333333333333
0 0.78009375 0.7037083333333334 0.09028125000000001 0.129625
0 0.6481458333333333 0.7608055555555555 0.1226875 0.16358333333333333
0 0.7494166666666667 0.8711388888888889 0.0960625 0.12808333333333333
0 0.6267395833333332 0.9166666666666666 0.098375 0.12345833333333334