0 0.5827500000000001 0.35494444444444445 0.12616666666666668 0.2376527777777778
0 0.7586770833333334 0.23379166666666668 0.07522916666666667 0.14351388888888889
0 0.7754583333333334 0.4930555555555556 0.10647916666666667 0.1527777777777778
0 0.7829895833333332 0.7006111111111111 0.089125 0.16358333333333333
0 0.7523125 0.8773194444444444 0.09259375 0.1466111111111111
0 0.6168958333333333 0.9452222222222222 0.08102083333333333 0.10956944444444444
0 0.3495416666666667 0.896611111111111 0.08102083333333333 0.10802777777777778
0 0.2760416666666667 0.8742222222222223 0.07754166666666666 0.11883333333333333
0 0.14120833333333332 0.8101805555555556 0.067125 0.11419444444444445
0 0.38426041666666666 0.17747222222222223 0.120375 0.16975
0 0.48553125 0.051694444444444446 0.0914375 0.10338888888888889
0 0.26967708333333335 0.11343055555555556 0.09721874999999999 0.1342638888888889
0 0.25926041666666666 0.28780555555555554 0.10879166666666666 0.15586111111111112
0 0.20196874999999997 0.25772222222222224 0.06596874999999999 0.09876388888888889
0 0.14525 0.29088888888888886 0.05670833333333333 0.08179166666666667
0 0.16725 0.15509722222222222 0.07522916666666667 0.07870833333333334