0 0.4942083333333333 0.8433611111111111 0.120375 0.25154166666666666
0 0.7633125 0.27855555555555556 0.10763541666666666 0.11573611111111111
0 0.6724583333333333 0.5146666666666667 0.09721874999999999 0.1743888888888889
0 0.7714166666666666 0.49151388888888886 0.10763541666666666 0.13734722222222223
0 0.7818333333333333 0.7067916666666666 0.089125 0.14197222222222222
0 0.63946875 0.7631111111111112 0.13541666666666666 0.15894444444444444
0 0.6255833333333333 0.9452222222222222 0.08217708333333333 0.10956944444444444
0 0.7586770833333334 0.8819444444444444 0.08448958333333333 0.10648611111111111
0 0.34490625 0.8742222222222223 0.08333333333333333 0.11573611111111111
0 0.2575208333333333 0.8456805555555555 0.09375 0.08641666666666667
0 0.14409375000000002 0.8078749999999999 0.06596874999999999 0.09722222222222222
0 0.3466458333333333 0.2006111111111111 0.09375 0.13580555555555557
0 0.24826041666666668 0.28780555555555554 0.10301041666666667 0.11883333333333333
0 0.17766666666666667 0.28704166666666664 0.089125 0.09259722222222222
0 0.13310416666666666 0.2916666666666667 0.05323958333333333 0.06481944444444444
0 0.26967708333333335 0.102625 0.08333333333333333 0.10956944444444444
0 0.48553125 0.05401388888888889 0.089125 0.10802777777777778
0 0.5989583333333334 0.07098611111111111 0.0914375 0.12654166666666666
0 0.17013541666666668 0.16204166666666667 0.07638541666666666 0.09876388888888889