0 0.285875 0.8233055555555555 0.13657291666666668 0.1466111111111111
0 0.25926041666666666 0.25077777777777777 0.09954166666666667 0.13734722222222223
0 0.35011458333333334 0.21681944444444445 0.08448958333333333 0.13116666666666665
0 0.13657291666666668 0.8171250000000001 0.06944791666666666 0.08795833333333333
0 0.6412083333333333 0.7507777777777777 0.125 0.16204166666666667
0 0.6325208333333333 0.9197500000000001 0.0960625 0.1111111111111111
0 0.78009375 0.7091111111111111 0.09028125000000001 0.11883333333333333
0 0.75 0.8711388888888889 0.09259375 0.10338888888888889
0 0.671875 0.49227777777777776 0.10995833333333334 0.17593055555555556
0 0.7719895833333333 0.4899722222222222 0.09721874999999999 0.14043055555555556
0 0.7708333333333334 0.28394444444444444 0.09721874999999999 0.11727777777777777
0 0.5862291666666667 0.08565277777777779 0.0914375 0.14351388888888889
0 0.4814791666666667 0.0663611111111111 0.09259375 0.129625
0 0.27488541666666666 0.13116666666666665 0.10301041666666667 0.129625
0 0.17071874999999997 0.16744444444444445 0.08680208333333334 0.09105555555555556
0 0.21064583333333334 0.7029305555555556 0.11342708333333333 0.10648611111111111