0 0.578125 0.35338888888888886 0.11920833333333333 0.24691666666666667
0 0.36689583333333337 0.1859583333333333 0.07870833333333334 0.16204166666666667
0 0.261 0.26466666666666666 0.098375 0.11883333333333333
0 0.20659375000000002 0.15894444444444444 0.08680208333333334 0.11419444444444445
0 0.7702500000000001 0.2662083333333333 0.10532291666666667 0.09105555555555556
0 0.4837916666666667 0.051694444444444446 0.08333333333333333 0.10338888888888889
0 0.27025 0.10648611111111111 0.089125 0.1111111111111111
0 0.14525 0.28318055555555555 0.07291666666666667 0.0756111111111111
0 0.19733333333333333 0.26929166666666665 0.05439583333333333 0.08795833333333333
0 0.15104166666666666 0.8179027777777778 0.06365625 0.08025
0 0.2714166666666667 0.8757777777777777 0.07060416666666666 0.10338888888888889
0 0.34721874999999996 0.897375 0.07870833333333334 0.11573611111111111
0 0.6192083333333334 0.9490694444444445 0.07638541666666666 0.10184722222222221
0 0.75346875 0.8757777777777777 0.07176041666666667 0.10338888888888889
0 0.7945625 0.6682083333333334 0.06829166666666667 0.09876388888888889
0 0.7748854166666667 0.5115694444444444 0.098375 0.11573611111111111