0 0.6331041666666667 0.1257777777777778 0.1273125 0.22068055555555555
0 0.7696770833333333 0.2708333333333333 0.09028125000000001 0.11883333333333333
0 0.7789375 0.5061666666666667 0.10416666666666667 0.13580555555555557
0 0.6701354166666668 0.49151388888888886 0.10879166666666666 0.19598611111111114
0 0.7789375 0.7044722222222223 0.10416666666666667 0.13116666666666665
0 0.7552083333333334 0.8626527777777778 0.0960625 0.120375
0 0.6267395833333332 0.9166666666666666 0.0914375 0.11419444444444445
0 0.640625 0.7530833333333333 0.12153125000000001 0.1605
0 0.35763541666666665 0.8881111111111112 0.09028125000000001 0.13116666666666665
0 0.26678125 0.8719166666666667 0.09375 0.10184722222222221
0 0.13541666666666666 0.8109583333333333 0.0648125 0.10338888888888889
0 0.2557916666666667 0.26156944444444447 0.10647916666666667 0.14043055555555556
0 0.37384375 0.19598611111111114 0.13426041666666666 0.16666666666666666
0 0.19270833333333334 0.2314861111111111 0.06596874999999999 0.1388888888888889
0 0.15045833333333333 0.2955277777777778 0.08795833333333333 0.07252777777777777
0 0.15451041666666668 0.15894444444444444 0.07060416666666666 0.07406944444444444
0 0.4849583333333333 0.04938888888888889 0.07176041666666667 0.09876388888888889
0 0.5844895833333333 0.06481944444444444 0.07638541666666666 0.10494444444444445