0 0.48206249999999995 0.050152777777777775 0.0914375 0.10030555555555555
0 0.26736458333333335 0.10802777777777778 0.08795833333333333 0.11419444444444445
0 0.3622708333333333 0.2006111111111111 0.10879166666666666 0.13580555555555557
0 0.25867708333333334 0.28934722222222226 0.11227083333333333 0.14351388888888889
0 0.17013541666666668 0.16975 0.09721874999999999 0.08641666666666667
0 0.1585625 0.8063333333333332 0.09721874999999999 0.0941388888888889
0 0.265625 0.8788611111111111 0.08217708333333333 0.12191666666666667
0 0.34490625 0.9074027777777778 0.07638541666666666 0.129625
0 0.625 0.9513888888888888 0.08333333333333333 0.09722222222222222
0 0.75 0.8858055555555555 0.06944791666666666 0.09568055555555556
0 0.7870416666666666 0.6805555555555556 0.07176041666666667 0.12654166666666666
0 0.7708333333333334 0.4930555555555556 0.10647916666666667 0.1342638888888889
0 0.7725729166666666 0.23225 0.0914375 0.1342638888888889
0 0.6446770833333333 0.7422777777777778 0.15740625000000003 0.18518055555555557