0 0.34548958333333335 0.209875 0.10301041666666667 0.120375
0 0.6770833333333334 0.5 0.10185416666666666 0.15740277777777778
0 0.7135416666666666 0.5486111111111112 0.00346875 0.0015416666666666669
0 0.7771979166666667 0.28704166666666664 0.11920833333333333 0.12654166666666666
0 0.7714166666666666 0.4930555555555556 0.0960625 0.1466111111111111
0 0.78125 0.7091111111111111 0.09721874999999999 0.12808333333333333
0 0.6446770833333333 0.7507777777777777 0.11342708333333333 0.14969444444444444
0 0.7615729166666667 0.8834861111111111 0.09028125000000001 0.0941388888888889
0 0.6267395833333332 0.9228333333333334 0.10301041666666667 0.10494444444444445
0 0.3535833333333333 0.8858055555555555 0.08217708333333333 0.0895
0 0.26215625 0.8456805555555555 0.08217708333333333 0.0895
0 0.140625 0.8086388888888889 0.06134375 0.07406944444444444
0 0.109375 0.5787083333333334 0.06134375 0.11727777777777777
0 0.2633125 0.25540277777777776 0.10069791666666666 0.12191666666666667
0 0.19329166666666667 0.26543055555555556 0.07176041666666667 0.11419444444444445
0 0.14178125000000003 0.29088888888888886 0.07060416666666666 0.07252777777777777
0 0.2685208333333333 0.10184722222222221 0.08333333333333333 0.09259722222222222
0 0.16666666666666666 0.15894444444444444 0.08564583333333334 0.09259722222222222
0 0.5868020833333334 0.067125 0.09028125000000001 0.125
0 0.484375 0.050152777777777775 0.08680208333333334 0.10030555555555555