0 0.7945625 0.6450555555555556 0.06134375 0.08641666666666667
0 0.7737291666666667 0.5 0.10301041666666667 0.11727777777777777
0 0.6435208333333333 0.7530833333333333 0.10185416666666666 0.16358333333333333
0 0.7494166666666667 0.8819444444444444 0.07754166666666666 0.10030555555555555
0 0.6221041666666667 0.9498472222222222 0.09375 0.10030555555555555
0 0.140625 0.8132777777777777 0.049770833333333334 0.0895
0 0.27257291666666666 0.8734583333333333 0.06134375 0.09876388888888889
0 0.36863541666666666 0.8032361111111112 0.16782291666666668 0.2145
0 0.35532291666666665 0.19598611111111114 0.07638541666666666 0.15740277777777778
0 0.265625 0.12191666666666667 0.05903125 0.14815277777777777
0 0.4814791666666667 0.04861111111111111 0.08795833333333333 0.09722222222222222
0 0.2598333333333333 0.28858333333333336 0.10301041666666667 0.14815277777777777
0 0.19096875000000002 0.2669722222222222 0.07407291666666667 0.08641666666666667
0 0.13657291666666668 0.2847222222222222 0.05092708333333333 0.06944444444444445