0 0.7002291666666667 0.1327222222222222 0.11342708333333333 0.2283888888888889
0 0.37905208333333335 0.18133333333333335 0.12384375 0.18055555555555555
0 0.26157291666666665 0.26929166666666665 0.11111458333333334 0.14351388888888889
0 0.14641666666666667 0.29320833333333335 0.07754166666666666 0.07406944444444444
0 0.192125 0.26775 0.07176041666666667 0.10030555555555555
0 0.16551041666666666 0.8040138888888889 0.10647916666666667 0.09568055555555556
0 0.2685208333333333 0.8773194444444444 0.07407291666666667 0.10030555555555555
0 0.34780208333333335 0.8996944444444444 0.07060416666666666 0.11419444444444445
0 0.7905104166666667 0.6990694444444444 0.07870833333333334 0.1111111111111111
0 0.6498854166666667 0.7662083333333333 0.11920833333333333 0.15586111111111112
0 0.6203749999999999 0.9483055555555555 0.08333333333333333 0.10338888888888889
0 0.75346875 0.8780833333333333 0.08333333333333333 0.1111111111111111
0 0.7702500000000001 0.4861111111111111 0.089125 0.14815277777777777
0 0.7731458333333333 0.24459722222222224 0.08795833333333333 0.14043055555555556
0 0.27314583333333337 0.1211388888888889 0.08795833333333333 0.13734722222222223
0 0.47801041666666666 0.050152777777777775 0.08564583333333334 0.10030555555555555