0 0.5706041666666667 0.6844166666666667 0.11111458333333334 0.26080555555555557
0 0.7685208333333333 0.28780555555555554 0.09259375 0.10338888888888889
0 0.7754583333333334 0.48688888888888887 0.10879166666666666 0.13116666666666665
0 0.6655104166666667 0.4899722222222222 0.13194791666666666 0.17747222222222223
0 0.7818333333333333 0.7114166666666667 0.10532291666666667 0.14197222222222222
0 0.6545104166666668 0.7384305555555555 0.0914375 0.18363888888888888
0 0.6203749999999999 0.9212916666666667 0.09954166666666667 0.12654166666666666
0 0.7592604166666667 0.875 0.08564583333333334 0.09876388888888889
0 0.26446875 0.8603333333333334 0.089125 0.10956944444444444
0 0.390625 0.1890416666666667 0.12846875 0.1466111111111111
0 0.4814791666666667 0.05323611111111111 0.07638541666666666 0.10648611111111111
0 0.5931666666666667 0.0663611111111111 0.089125 0.1111111111111111
0 0.25867708333333334 0.2847222222222222 0.11689583333333334 0.16820833333333332
0 0.1851875 0.25926388888888885 0.09954166666666667 0.11419444444444445
0 0.17013541666666668 0.1512361111111111 0.07870833333333334 0.10494444444444445
0 0.14178125000000003 0.8217638888888888 0.08217708333333333 0.11265277777777778
0 0.20833333333333334 0.7152777777777778 0.09259375 0.08179166666666667
0 0.34606250000000005 0.8649722222222221 0.08564583333333334 0.11573611111111111