0 0.52778125 0.8557083333333334 0.10647916666666667 0.27005555555555555
0 0.6678229166666667 0.4969166666666666 0.10879166666666666 0.1512361111111111
0 0.7789375 0.2847222222222222 0.1273125 0.11883333333333333
0 0.7789375 0.48533333333333334 0.09954166666666667 0.1527777777777778
0 0.7864583333333334 0.7083333333333334 0.09375 0.14197222222222222
0 0.640625 0.7476805555555556 0.12384375 0.165125
0 0.6302083333333334 0.9405833333333333 0.10301041666666667 0.11883333333333333
0 0.7476875 0.8726805555555556 0.09259375 0.11883333333333333
0 0.26215625 0.8804027777777778 0.08448958333333333 0.11573611111111111
0 0.34548958333333335 0.8819444444444444 0.07522916666666667 0.0941388888888889
0 0.3443333333333333 0.1952222222222222 0.0960625 0.1466111111111111
0 0.2627291666666667 0.28394444444444444 0.10879166666666666 0.1388888888888889
0 0.19329166666666667 0.2816388888888889 0.08333333333333333 0.10030555555555555
0 0.14120833333333332 0.2800972222222222 0.07638541666666666 0.08179166666666667
0 0.27025 0.11651388888888889 0.08217708333333333 0.16204166666666667
0 0.16666666666666666 0.15894444444444444 0.09028125000000001 0.11727777777777777
0 0.4895833333333333 0.05323611111111111 0.09028125000000001 0.10648611111111111
0 0.59028125 0.07176388888888889 0.08102083333333333 0.11883333333333333
0 0.13888541666666668 0.8194444444444444 0.08102083333333333 0.10184722222222221