0 0.7123854166666667 0.129625 0.089125 0.17283333333333334
0 0.76678125 0.27237500000000003 0.08448958333333333 0.09105555555555556
0 0.7766249999999999 0.4907361111111111 0.09954166666666667 0.14815277777777777
0 0.6822916666666666 0.5162083333333334 0.0960625 0.15894444444444444
0 0.7853020833333333 0.7129583333333334 0.08217708333333333 0.14197222222222222
0 0.34375 0.19366666666666665 0.08795833333333333 0.15586111111111112
0 0.25636458333333334 0.2855 0.12153125000000001 0.11727777777777777
0 0.16492708333333334 0.2916666666666667 0.0960625 0.0895
0 0.265625 0.09954166666666667 0.10995833333333334 0.12191666666666667
0 0.48263541666666665 0.051694444444444446 0.09259375 0.10338888888888889
0 0.5896979166666667 0.07330555555555555 0.098375 0.1466111111111111
0 0.17129166666666668 0.15663888888888888 0.07870833333333334 0.09105555555555556
0 0.14352083333333335 0.8217638888888888 0.07870833333333334 0.10338888888888889
0 0.2708333333333333 0.8765416666666667 0.07870833333333334 0.09568055555555556
0 0.3466458333333333 0.8842638888888888 0.0960625 0.09259722222222222
0 0.6469895833333333 0.7183611111111111 0.11342708333333333 0.14351388888888889
0 0.6255833333333333 0.9444444444444444 0.10069791666666666 0.1111111111111111
0 0.7563645833333333 0.8757777777777777 0.09375 0.10338888888888889