0 0.54340625 0.8834861111111111 0.11920833333333333 0.23302777777777778
0 0.3379583333333333 0.8703749999999999 0.07870833333333334 0.09568055555555556
0 0.2685208333333333 0.8672777777777778 0.07176041666666667 0.0895
0 0.13657291666666668 0.8225277777777779 0.06944791666666666 0.09259722222222222
0 0.21238541666666666 0.6990694444444444 0.09375 0.11727777777777777
0 0.25405208333333335 0.2638888888888889 0.10532291666666667 0.15431944444444445
0 0.48206249999999995 0.06558333333333333 0.10069791666666666 0.12191666666666667
0 0.34028125000000004 0.2137361111111111 0.11111458333333334 0.16204166666666667
0 0.2650416666666667 0.1211388888888889 0.09721874999999999 0.11573611111111111
0 0.15798958333333332 0.15355555555555556 0.07986458333333334 0.0941388888888889
0 0.5920104166666668 0.067125 0.07986458333333334 0.11265277777777778
0 0.7766249999999999 0.28704166666666664 0.08795833333333333 0.11419444444444445
0 0.6724583333333333 0.49922222222222223 0.09259375 0.1527777777777778
0 0.7795104166666668 0.49151388888888886 0.10069791666666666 0.14351388888888889
0 0.78009375 0.7021666666666667 0.09028125000000001 0.120375
0 0.6412083333333333 0.7654305555555556 0.11342708333333333 0.14505555555555555
0 0.6244166666666667 0.915888888888889 0.098375 0.11883333333333333
0 0.7528958333333333 0.8711527777777778 0.103 0.10338888888888889