0 0.46701041666666665 0.8279305555555556 0.15625 0.29783333333333334
0 0.35475 0.20447222222222222 0.089125 0.14043055555555556
0 0.26215625 0.2662083333333333 0.09375 0.1527777777777778
0 0.19329166666666667 0.2600277777777778 0.07638541666666666 0.09722222222222222
0 0.136 0.28394444444444444 0.06365625 0.07098611111111111
0 0.13715624999999998 0.8171250000000001 0.06365625 0.08179166666666667
0 0.20891666666666667 0.7083333333333334 0.0914375 0.09259722222222222
0 0.2685208333333333 0.8711388888888889 0.07638541666666666 0.10956944444444444
0 0.348375 0.8773194444444444 0.09259375 0.07870833333333334
0 0.76909375 0.27545833333333336 0.09375 0.11573611111111111
0 0.6620416666666666 0.4961388888888889 0.11805208333333334 0.165125
0 0.7887708333333333 0.4930555555555556 0.13079166666666667 0.1466111111111111
0 0.7853020833333333 0.7129583333333334 0.098375 0.14815277777777777
0 0.6452500000000001 0.7415138888888889 0.13541666666666666 0.1743888888888889
0 0.6267395833333332 0.9205277777777777 0.09375 0.09722222222222222
0 0.765625 0.8865694444444445 0.11458333333333333 0.10648611111111111
0 0.5931666666666667 0.06172222222222222 0.08680208333333334 0.120375
0 0.48553125 0.04938888888888889 0.0914375 0.09876388888888889
0 0.27257291666666666 0.10184722222222221 0.089125 0.1111111111111111
0 0.1695625 0.15894444444444444 0.07060416666666666 0.08025