0 0.52025 0.8541666666666666 0.14236458333333332 0.2916666666666667
0 0.78240625 0.7067916666666666 0.09490625 0.120375
0 0.6255833333333333 0.9452222222222222 0.09375 0.10956944444444444
0 0.7609999999999999 0.8765416666666667 0.089125 0.10184722222222221
0 0.765625 0.26543055555555556 0.10995833333333334 0.12654166666666666
0 0.76678125 0.5023194444444444 0.10763541666666666 0.1342638888888889
0 0.47975 0.05401388888888889 0.10069791666666666 0.10802777777777778
0 0.33969791666666665 0.2152777777777778 0.098375 0.13116666666666665
0 0.2575208333333333 0.26775 0.10532291666666667 0.10956944444444444
0 0.18691666666666668 0.2800972222222222 0.06829166666666667 0.08795833333333333
0 0.14409375000000002 0.2824027777777778 0.04745833333333334 0.06790277777777778
0 0.27488541666666666 0.10338888888888889 0.0960625 0.10494444444444445
0 0.17013541666666668 0.15509722222222222 0.08102083333333333 0.09105555555555556
0 0.14120833333333332 0.8186666666666668 0.05323958333333333 0.10338888888888889
0 0.261 0.8804027777777778 0.07754166666666666 0.11883333333333333
0 0.364 0.8819444444444444 0.11458333333333333 0.10956944444444444