0 0.47685416666666663 0.050930555555555555 0.09490625 0.10184722222222221
0 0.7748854166666667 0.5100277777777779 0.0960625 0.09722222222222222
0 0.7974583333333333 0.6458333333333334 0.06944791666666666 0.084875
0 0.6429375 0.7507777777777777 0.10995833333333334 0.16204166666666667
0 0.75346875 0.8827222222222222 0.0648125 0.09259722222222222
0 0.62153125 0.9436666666666668 0.07407291666666667 0.11265277777777778
0 0.27198958333333334 0.8773194444444444 0.09028125000000001 0.125
0 0.35475 0.9166666666666666 0.08448958333333333 0.120375
0 0.35475 0.19830555555555557 0.07986458333333334 0.13734722222222223
0 0.31018749999999995 0.13966666666666666 0.08795833333333333 0.12808333333333333
0 0.2685208333333333 0.2623472222222222 0.10879166666666666 0.09876388888888889
0 0.19617708333333334 0.24691666666666667 0.07986458333333334 0.10802777777777778
0 0.1429375 0.2939861111111111 0.07754166666666666 0.0663611111111111
0 0.26678125 0.11883333333333333 0.07522916666666667 0.12654166666666666
0 0.098375 0.6103333333333333 0.11805208333333334 0.08795833333333333
0 0.15278124999999998 0.8132777777777777 0.09259375 0.09568055555555556