0 0.7760416666666666 0.2669722222222222 0.11458333333333333 0.1111111111111111
0 0.6695625 0.5115694444444444 0.12153125000000001 0.15586111111111112
0 0.7818333333333333 0.49922222222222223 0.098375 0.12191666666666667
0 0.7841458333333333 0.7145 0.0914375 0.1327222222222222
0 0.5538229166666666 0.723 0.12153125000000001 0.27623611111111107
0 0.36573958333333334 0.19830555555555557 0.11111458333333334 0.15586111111111112
0 0.2523125 0.2669722222222222 0.1226875 0.129625
0 0.16725 0.15509722222222222 0.07754166666666666 0.07870833333333334
0 0.4901666666666667 0.050930555555555555 0.07754166666666666 0.10184722222222221
0 0.59028125 0.0663611111111111 0.08333333333333333 0.11419444444444445
0 0.6458333333333334 0.7507777777777777 0.11111458333333334 0.15586111111111112
0 0.6226875 0.9266944444444445 0.08333333333333333 0.10030555555555555
0 0.7581041666666667 0.8850277777777779 0.08795833333333333 0.084875
0 0.34259375 0.8827222222222222 0.07638541666666666 0.10184722222222221
0 0.25926041666666666 0.8726805555555556 0.07870833333333334 0.08795833333333333
0 0.13772916666666665 0.8240694444444445 0.0648125 0.0895
0 0.20775 0.7175972222222222 0.098375 0.07716666666666668