0 0.7719895833333333 0.2669722222222222 0.10647916666666667 0.120375
0 0.7748854166666667 0.49151388888888886 0.10532291666666667 0.12808333333333333
0 0.6603020833333333 0.4961388888888889 0.10763541666666666 0.1466111111111111
0 0.59375 0.0763888888888889 0.07870833333333334 0.13116666666666665
0 0.48553125 0.057875 0.08217708333333333 0.11573611111111111
0 0.27257291666666666 0.11497222222222223 0.0960625 0.10648611111111111
0 0.34490625 0.1998472222222222 0.08333333333333333 0.11883333333333333
0 0.2557916666666667 0.2662083333333333 0.09721874999999999 0.15894444444444444
0 0.16377083333333334 0.15509722222222222 0.0914375 0.084875
0 0.11805208333333334 0.5794722222222223 0.09954166666666667 0.12191666666666667
0 0.13772916666666665 0.8063333333333332 0.07176041666666667 0.08795833333333333
0 0.25926041666666666 0.834111111111111 0.08564583333333334 0.08179166666666667
0 0.348375 0.8804027777777778 0.09490625 0.0941388888888889
0 0.6331041666666667 0.7530833333333333 0.129625 0.15740277777777778
0 0.6203749999999999 0.9105 0.10185416666666666 0.13580555555555557
0 0.78240625 0.7052499999999999 0.09028125000000001 0.129625
0 0.75346875 0.8865694444444445 0.09028125000000001 0.10956944444444444