0 0.5376145833333333 0.7492222222222223 0.11920833333333333 0.31327777777777777
0 0.17245833333333332 0.8101805555555556 0.10647916666666667 0.09568055555555556
0 0.27025 0.8695972222222222 0.07291666666666667 0.10956944444444444
0 0.7679375 0.23533333333333334 0.09375 0.13734722222222223
0 0.48668750000000005 0.06018055555555556 0.0914375 0.120375
0 0.2708333333333333 0.11727777777777777 0.09028125000000001 0.11727777777777777
0 0.2633125 0.27545833333333336 0.10532291666666667 0.12191666666666667
0 0.359375 0.2029305555555556 0.10532291666666667 0.14351388888888889
0 0.13715624999999998 0.28858333333333336 0.052083333333333336 0.06481944444444444
0 0.16666666666666666 0.16434722222222223 0.09259375 0.10338888888888889
0 0.19039583333333335 0.26543055555555556 0.06134375 0.08333333333333333
0 0.7864583333333334 0.6751527777777778 0.098375 0.11573611111111111
0 0.7505833333333333 0.8780833333333333 0.07986458333333334 0.10494444444444445
0 0.6163229166666666 0.9436666666666668 0.08448958333333333 0.11265277777777778
0 0.7274270833333334 0.4143472222222222 0.0011562500000000002 0.004625