0 0.5873854166666667 0.06327777777777778 0.08680208333333334 0.11727777777777777
0 0.7731458333333333 0.28704166666666664 0.09954166666666667 0.10494444444444445
0 0.78125 0.48688888888888887 0.10416666666666667 0.12808333333333333
0 0.6637708333333333 0.4969166666666666 0.10069791666666666 0.14197222222222222
0 0.7795104166666668 0.7052499999999999 0.0914375 0.120375
0 0.6348333333333334 0.75 0.12384375 0.1512361111111111
0 0.6203749999999999 0.9120416666666666 0.09259375 0.10802777777777778
0 0.7627291666666667 0.8742222222222223 0.08102083333333333 0.084875
0 0.35011458333333334 0.8780833333333333 0.08217708333333333 0.08333333333333333
0 0.26446875 0.8587916666666667 0.07986458333333334 0.08179166666666667
0 0.13715624999999998 0.8094166666666667 0.06596874999999999 0.0756111111111111
0 0.12153125000000001 0.6898194444444444 0.10879166666666666 0.10184722222222221
0 0.35069791666666666 0.2152777777777778 0.08564583333333334 0.125
0 0.265625 0.25616666666666665 0.10995833333333334 0.12345833333333334
0 0.20022916666666665 0.25926388888888885 0.08564583333333334 0.0895
0 0.2650416666666667 0.12191666666666667 0.07407291666666667 0.120375
0 0.1741875 0.16820833333333332 0.09375 0.08025