0 0.48090625000000004 0.04938888888888889 0.0914375 0.09876388888888889
0 0.7766249999999999 0.5115694444444444 0.10185416666666666 0.10030555555555555
0 0.7939791666666667 0.6504583333333334 0.08102083333333333 0.10338888888888889
0 0.6429375 0.7530833333333333 0.10069791666666666 0.1512361111111111
0 0.6174791666666667 0.9459861111111111 0.08448958333333333 0.10802777777777778
0 0.75 0.8865694444444445 0.08333333333333333 0.10030555555555555
0 0.10647916666666667 0.5956805555555555 0.09259375 0.11727777777777777
0 0.14120833333333332 0.8186666666666668 0.0648125 0.084875
0 0.2708333333333333 0.8757777777777777 0.06944791666666666 0.10338888888888889
0 0.35532291666666665 0.9220694444444444 0.08333333333333333 0.12191666666666667
0 0.2638854166666667 0.254625 0.09721874999999999 0.09568055555555556
0 0.3564791666666667 0.2006111111111111 0.07638541666666666 0.14197222222222222
0 0.3096041666666667 0.13194444444444445 0.089125 0.125
0 0.2581041666666667 0.1118888888888889 0.057875 0.11265277777777778
0 0.16435416666666666 0.1466111111111111 0.06944791666666666 0.08025
0 0.151625 0.2962916666666667 0.06944791666666666 0.07406944444444444