0 0.526625 0.1381111111111111 0.10416666666666667 0.2145
0 0.76446875 0.27931944444444445 0.09375 0.10494444444444445
0 0.76446875 0.4876527777777778 0.10532291666666667 0.120375
0 0.7864583333333334 0.7075555555555556 0.0960625 0.14969444444444444
0 0.7557916666666666 0.8788611111111111 0.08333333333333333 0.12191666666666667
0 0.62846875 0.9529305555555556 0.08102083333333333 0.0941388888888889
0 0.34721874999999996 0.8796250000000001 0.09028125000000001 0.09876388888888889
0 0.26446875 0.8703749999999999 0.07754166666666666 0.10184722222222221
0 0.33680208333333334 0.21295833333333336 0.10185416666666666 0.1512361111111111
0 0.2552083333333333 0.27005555555555555 0.11689583333333334 0.11419444444444445
0 0.1875 0.28858333333333336 0.06944791666666666 0.0895
0 0.13426041666666666 0.2816388888888889 0.0625 0.0756111111111111
0 0.17592708333333332 0.17283333333333334 0.08795833333333333 0.11419444444444445
0 0.2754583333333333 0.11727777777777777 0.09490625 0.129625
0 0.14409375000000002 0.8040138888888889 0.07060416666666666 0.129625