0 0.5416666666666666 0.1658888888888889 0.08333333333333333 0.2669722222222222
0 0.5966458333333333 0.05633333333333334 0.05670833333333333 0.10030555555555555
0 0.48784374999999996 0.04938888888888889 0.06596874999999999 0.09876388888888889
0 0.37905208333333335 0.1890416666666667 0.12384375 0.17129166666666668
0 0.2627291666666667 0.2808611111111111 0.10416666666666667 0.1512361111111111
0 0.18691666666666668 0.25926388888888885 0.08217708333333333 0.09568055555555556
0 0.2714166666666667 0.1381111111111111 0.09375 0.125
0 0.17303125000000003 0.16358333333333333 0.098375 0.0895
0 0.20891666666666667 0.723 0.098375 0.0756111111111111
0 0.14004166666666668 0.8078749999999999 0.067125 0.0941388888888889
0 0.2714166666666667 0.8719166666666667 0.07291666666666667 0.09259722222222222
0 0.34780208333333335 0.8742222222222223 0.0914375 0.084875
0 0.63946875 0.7546250000000001 0.12615625 0.19136111111111112
0 0.765625 0.28318055555555555 0.098375 0.10956944444444444
0 0.6666666666666666 0.5030833333333333 0.11805208333333334 0.17593055555555556
0 0.7853020833333333 0.49227777777777776 0.13772916666666665 0.13580555555555557
0 0.76446875 0.8773194444444444 0.10995833333333334 0.12191666666666667
0 0.7806666666666667 0.7013888888888888 0.10069791666666666 0.14043055555555556
0 0.6302083333333334 0.9182083333333334 0.0914375 0.14197222222222222