0 0.7731458333333333 0.26929166666666665 0.09721874999999999 0.0941388888888889
0 0.68403125 0.5123472222222222 0.10647916666666667 0.14505555555555555
0 0.7771979166666667 0.4884305555555556 0.089125 0.1342638888888889
0 0.78125 0.7083333333333334 0.08564583333333334 0.12345833333333334
0 0.6412083333333333 0.7538611111111111 0.10647916666666667 0.16204166666666667
0 0.6267395833333332 0.9220694444444444 0.07986458333333334 0.10030555555555555
0 0.7471041666666667 0.8788611111111111 0.08448958333333333 0.09722222222222222
0 0.3495416666666667 0.8834861111111111 0.08564583333333334 0.10338888888888889
0 0.26157291666666665 0.8371944444444444 0.07176041666666667 0.08795833333333333
0 0.15045833333333333 0.8132777777777777 0.07176041666666667 0.09259722222222222
0 0.33969791666666665 0.223 0.09375 0.10338888888888889
0 0.26215625 0.277 0.07522916666666667 0.12808333333333333
0 0.2662083333333333 0.10725 0.09490625 0.0941388888888889
0 0.40393749999999995 0.08025 0.10185416666666666 0.09259722222222222
0 0.48321875 0.050152777777777775 0.06829166666666667 0.10030555555555555
0 0.59721875 0.06790277777777778 0.09490625 0.1111111111111111
0 0.14698958333333334 0.19676388888888888 0.08795833333333333 0.09105555555555556
0 0.14930208333333334 0.29475 0.08102083333333333 0.07406944444444444
0 0.114 0.5871944444444444 0.07754166666666666 0.11573611111111111
0 0.21295833333333333 0.6983055555555555 0.10647916666666667 0.09722222222222222