0 0.765625 0.27469444444444446 0.098375 0.10494444444444445
0 0.7679375 0.5015416666666667 0.13772916666666665 0.11419444444444445
0 0.7806666666666667 0.7006111111111111 0.10995833333333334 0.12345833333333334
0 0.5422499999999999 0.7538611111111111 0.13079166666666667 0.25154166666666666
0 0.6255833333333333 0.9537083333333333 0.098375 0.09259722222222222
0 0.7731458333333333 0.8780833333333333 0.1273125 0.12654166666666666
0 0.6631979166666666 0.7669722222222223 0.11573958333333333 0.1327222222222222
0 0.47569791666666666 0.050930555555555555 0.10416666666666667 0.10184722222222221
0 0.35532291666666665 0.20525 0.09259375 0.15431944444444445
0 0.26967708333333335 0.11033333333333332 0.09490625 0.11265277777777778
0 0.26446875 0.26775 0.11689583333333334 0.13734722222222223
0 0.16261458333333334 0.15818055555555555 0.07754166666666666 0.07252777777777777
0 0.140625 0.2855 0.05439583333333333 0.07716666666666668
0 0.18460416666666665 0.2808611111111111 0.06829166666666667 0.10184722222222221
0 0.13541666666666666 0.8040138888888889 0.06944791666666666 0.09259722222222222
0 0.26446875 0.8734583333333333 0.07754166666666666 0.09876388888888889
0 0.34606250000000005 0.8819444444444444 0.07407291666666667 0.09722222222222222