0 0.7725729166666666 0.27391666666666664 0.10995833333333334 0.14351388888888889
0 0.671875 0.5069444444444444 0.11920833333333333 0.17747222222222223
0 0.7829895833333332 0.5108055555555555 0.09375 0.18518055555555557
0 0.7743020833333334 0.6913611111111111 0.11342708333333333 0.13580555555555557
0 0.6400416666666667 0.7399722222222221 0.11805208333333334 0.19906944444444447
0 0.7575208333333333 0.8842638888888888 0.08680208333333334 0.1111111111111111
0 0.625 0.9220694444444444 0.09954166666666667 0.10956944444444444
0 0.12326041666666666 0.5995416666666666 0.0914375 0.10956944444444444
0 0.27488541666666666 0.25772222222222224 0.11920833333333333 0.1111111111111111
0 0.14525 0.2986111111111111 0.098375 0.084875
0 0.18460416666666665 0.15818055555555555 0.07986458333333334 0.11883333333333333
0 0.25115625 0.14351388888888889 0.09721874999999999 0.1111111111111111
0 0.40509375 0.0933611111111111 0.09954166666666667 0.0941388888888889
0 0.48668750000000005 0.07484722222222222 0.07754166666666666 0.14969444444444444