0 0.5567083333333334 0.7515416666666667 0.120375 0.29938888888888887
0 0.7719895833333333 0.2314861111111111 0.08333333333333333 0.14505555555555555
0 0.7766249999999999 0.49383333333333335 0.10647916666666667 0.15431944444444445
0 0.77778125 0.7114166666666667 0.08795833333333333 0.13580555555555557
0 0.7575208333333333 0.8734583333333333 0.09375 0.14815277777777777
0 0.6226875 0.9467638888888888 0.08564583333333334 0.10648611111111111
0 0.37905208333333335 0.17901388888888886 0.12153125000000001 0.16666666666666666
0 0.48611458333333335 0.058638888888888886 0.09721874999999999 0.11727777777777777
0 0.26736458333333335 0.10879166666666666 0.07870833333333334 0.12191666666666667
0 0.15914583333333335 0.16744444444444445 0.07522916666666667 0.0941388888888889
0 0.1429375 0.29475 0.06365625 0.10494444444444445
0 0.19096875000000002 0.2638888888888889 0.07407291666666667 0.09568055555555556
0 0.27257291666666666 0.2569444444444444 0.089125 0.11573611111111111
0 0.26157291666666665 0.8672777777777778 0.08102083333333333 0.1327222222222222
0 0.35590625000000004 0.8942916666666666 0.0914375 0.11265277777777778
0 0.13657291666666668 0.8086388888888889 0.07176041666666667 0.11727777777777777