0 0.4901666666666667 0.05401388888888889 0.08680208333333334 0.10802777777777778
0 0.35821875 0.19290277777777776 0.08217708333333333 0.15431944444444445
0 0.26678125 0.26466666666666666 0.0960625 0.10030555555555555
0 0.19965624999999998 0.2685138888888889 0.07291666666666667 0.10802777777777778
0 0.3229166666666667 0.13194444444444445 0.09490625 0.12808333333333333
0 0.2575208333333333 0.10030555555555555 0.05903125 0.09876388888888889
0 0.16030208333333332 0.1527777777777778 0.07754166666666666 0.06790277777777778
0 0.7702500000000001 0.5 0.0960625 0.09568055555555556
0 0.7939791666666667 0.6412083333333334 0.0601875 0.11265277777777778
0 0.6365729166666667 0.7453749999999999 0.10647916666666667 0.16666666666666666
0 0.6203749999999999 0.9475277777777779 0.08333333333333333 0.10494444444444445
0 0.7505833333333333 0.8819444444444444 0.07291666666666667 0.10030555555555555
0 0.2754583333333333 0.8780833333333333 0.07407291666666667 0.10802777777777778
0 0.35590625000000004 0.9135833333333333 0.07754166666666666 0.11727777777777777
0 0.151625 0.8171250000000001 0.067125 0.0941388888888889