0 0.21875 0.12886111111111112 0.08102083333333333 0.13116666666666665
0 0.29282291666666665 0.1334861111111111 0.06944791666666666 0.1342638888888889
0 0.3495416666666667 0.19752777777777777 0.07407291666666667 0.1512361111111111
0 0.25 0.2777777777777778 0.09490625 0.12654166666666666
0 0.18865625000000003 0.2538611111111111 0.07870833333333334 0.08795833333333333
0 0.15509374999999997 0.15431944444444445 0.057875 0.07406944444444444
0 0.48206249999999995 0.04552777777777778 0.07060416666666666 0.09105555555555556
0 0.7685208333333333 0.5038611111111111 0.10185416666666666 0.10648611111111111
0 0.7974583333333333 0.6504583333333334 0.067125 0.08179166666666667
0 0.6359999999999999 0.7492222222222223 0.10995833333333334 0.16204166666666667
0 0.7552083333333334 0.8811666666666668 0.08217708333333333 0.11419444444444445
0 0.62615625 0.9490694444444445 0.08102083333333333 0.10184722222222221
0 0.5138854166666667 0.8726805555555556 0.11805208333333334 0.254625
0 0.34490625 0.915888888888889 0.07407291666666667 0.09722222222222222
0 0.26967708333333335 0.8788611111111111 0.06944791666666666 0.10338888888888889
0 0.14698958333333334 0.8202222222222222 0.0625 0.0941388888888889