0 0.5763854166666668 0.3024722222222222 0.11573958333333333 0.2530833333333333
0 0.765625 0.27855555555555556 0.11227083333333333 0.125
0 0.7679375 0.4969166666666666 0.11920833333333333 0.1605
0 0.7853020833333333 0.7044722222222223 0.09375 0.14043055555555556
0 0.65971875 0.7777777777777778 0.1273125 0.1388888888888889
0 0.6296250000000001 0.9421250000000001 0.10879166666666666 0.11573611111111111
0 0.3443333333333333 0.21141666666666667 0.12384375 0.1512361111111111
0 0.27893749999999995 0.12731944444444446 0.120375 0.15586111111111112
0 0.48090625000000004 0.05401388888888889 0.089125 0.10802777777777778
0 0.2662083333333333 0.8634305555555555 0.09028125000000001 0.09722222222222222
0 0.34721874999999996 0.8757777777777777 0.08102083333333333 0.084875
0 0.15219791666666668 0.8155833333333333 0.06829166666666667 0.0941388888888889
0 0.13426041666666666 0.28934722222222226 0.041666666666666664 0.0941388888888889
0 0.1898125 0.2824027777777778 0.0648125 0.0895
0 0.2581041666666667 0.2669722222222222 0.10647916666666667 0.12345833333333334