0 0.5920104166666668 0.5355 0.12846875 0.209875
0 0.7766249999999999 0.28626388888888893 0.09490625 0.11573611111111111
0 0.7916666666666666 0.5115694444444444 0.129625 0.165125
0 0.6765000000000001 0.4930555555555556 0.0960625 0.18363888888888888
0 0.7887708333333333 0.7013888888888888 0.098375 0.14351388888888889
0 0.6388854166666668 0.7631111111111112 0.1273125 0.17129166666666668
0 0.6307916666666666 0.9174444444444444 0.10185416666666666 0.11883333333333333
0 0.7609999999999999 0.8703749999999999 0.089125 0.11419444444444445
0 0.3431666666666667 0.8711388888888889 0.09375 0.10338888888888889
0 0.26446875 0.8742222222222223 0.07986458333333334 0.10956944444444444
0 0.129625 0.8194444444444444 0.0601875 0.08333333333333333
0 0.3854166666666667 0.18981944444444443 0.13888541666666668 0.14197222222222222
0 0.2575208333333333 0.2708333333333333 0.11920833333333333 0.1527777777777778
0 0.1851875 0.25772222222222224 0.09259375 0.10184722222222221
0 0.13079166666666667 0.29088888888888886 0.067125 0.0756111111111111
0 0.16608333333333333 0.15818055555555555 0.07522916666666667 0.0756111111111111
0 0.48206249999999995 0.052472222222222226 0.0960625 0.09876388888888889
0 0.5868020833333334 0.059416666666666666 0.09259375 0.11265277777777778