0 0.4716458333333333 0.8225277777777779 0.10532291666666667 0.2623472222222222
0 0.67534375 0.5192916666666666 0.10301041666666667 0.125
0 0.7743020833333334 0.4899722222222222 0.09954166666666667 0.10956944444444444
0 0.7662083333333333 0.26929166666666665 0.09721874999999999 0.12808333333333333
0 0.7922499999999999 0.709875 0.12153125000000001 0.129625
0 0.63946875 0.7453749999999999 0.12153125000000001 0.16358333333333333
0 0.62384375 0.9074027777777778 0.08795833333333333 0.12654166666666666
0 0.75346875 0.8719166666666667 0.08564583333333334 0.1111111111111111
0 0.34490625 0.8788611111111111 0.08102083333333333 0.10648611111111111
0 0.27372916666666663 0.875 0.07060416666666666 0.10494444444444445
0 0.13888541666666668 0.8217638888888888 0.05323958333333333 0.11265277777777778
0 0.3755833333333333 0.19290277777777776 0.13541666666666666 0.14505555555555555
0 0.26215625 0.27545833333333336 0.10995833333333334 0.13734722222222223
0 0.19386458333333334 0.2538611111111111 0.07522916666666667 0.12808333333333333
0 0.12673958333333332 0.2939861111111111 0.05903125 0.08795833333333333