0 0.49768749999999995 0.8148194444444444 0.120375 0.2808611111111111
0 0.35242708333333334 0.1998472222222222 0.098375 0.125
0 0.2708333333333333 0.27855555555555556 0.13194791666666666 0.18055555555555555
0 0.19096875000000002 0.24383333333333335 0.07870833333333334 0.11419444444444445
0 0.13715624999999998 0.28318055555555555 0.05670833333333333 0.09722222222222222
0 0.140625 0.8194444444444444 0.08448958333333333 0.09259722222222222
0 0.2552083333333333 0.8780833333333333 0.07291666666666667 0.1111111111111111
0 0.3408541666666667 0.8834861111111111 0.089125 0.08795833333333333
0 0.48032291666666665 0.04938888888888889 0.09490625 0.09876388888888889
0 0.5844895833333333 0.06327777777777778 0.09028125000000001 0.12345833333333334
0 0.7650416666666667 0.27623611111111107 0.10185416666666666 0.11727777777777777
0 0.6799791666666667 0.5084861111111111 0.10301041666666667 0.1466111111111111
0 0.7760416666666666 0.4791666666666667 0.10069791666666666 0.14043055555555556
0 0.7853020833333333 0.7175972222222222 0.098375 0.1388888888888889
0 0.84028125 0.7824027777777778 0.0023125000000000003 0.012347222222222223
0 0.6435208333333333 0.7561666666666668 0.1226875 0.1605
0 0.6302083333333334 0.9174444444444444 0.08448958333333333 0.10648611111111111
0 0.7714166666666666 0.8765416666666667 0.10995833333333334 0.10802777777777778
0 0.26909374999999996 0.10184722222222221 0.089125 0.11727777777777777
0 0.16608333333333333 0.147375 0.07291666666666667 0.084875