0 0.7008125 0.13734722222222223 0.11227083333333333 0.20679166666666665
0 0.7835625 0.2824027777777778 0.13194791666666666 0.08641666666666667
0 0.7771979166666667 0.4884305555555556 0.10763541666666666 0.17747222222222223
0 0.6724583333333333 0.4891944444444445 0.10185416666666666 0.209875
0 0.7771979166666667 0.7052499999999999 0.12153125000000001 0.15740277777777778
0 0.7494166666666667 0.8742222222222223 0.08680208333333334 0.13116666666666665
0 0.6302083333333334 0.9243888888888888 0.0914375 0.11419444444444445
0 0.6342604166666667 0.7484583333333333 0.1273125 0.17901388888888886
0 0.35011458333333334 0.8881111111111112 0.089125 0.13116666666666665
0 0.27025 0.8827222222222222 0.10069791666666666 0.120375
0 0.14641666666666667 0.8186666666666668 0.07060416666666666 0.10030555555555555
0 0.21354166666666666 0.7044722222222223 0.10069791666666666 0.084875
0 0.25405208333333335 0.27315277777777774 0.10763541666666666 0.129625
0 0.3692083333333333 0.19444444444444445 0.11573958333333333 0.14505555555555555
0 0.18923958333333332 0.26543055555555556 0.0914375 0.10802777777777778
0 0.13483333333333333 0.2939861111111111 0.06829166666666667 0.084875
0 0.48263541666666665 0.05323611111111111 0.07638541666666666 0.10648611111111111
0 0.5850729166666666 0.06866666666666667 0.09375 0.12808333333333333
0 0.04745833333333334 0.3310138888888889 0.07870833333333334 0.08795833333333333