0 0.7818333333333333 0.2708333333333333 0.11458333333333333 0.12191666666666667
0 0.77778125 0.49151388888888886 0.10416666666666667 0.14969444444444444
0 0.671875 0.4891944444444445 0.12153125000000001 0.17593055555555556
0 0.7719895833333333 0.7067916666666666 0.10416666666666667 0.1327222222222222
0 0.6452500000000001 0.7484583333333333 0.13079166666666667 0.14505555555555555
0 0.6255833333333333 0.9166666666666666 0.10532291666666667 0.120375
0 0.7563645833333333 0.8796250000000001 0.10069791666666666 0.10802777777777778
0 0.34490625 0.875 0.09721874999999999 0.10494444444444445
0 0.2581041666666667 0.8441388888888889 0.08333333333333333 0.10184722222222221
0 0.13657291666666668 0.8140416666666667 0.07407291666666667 0.10338888888888889
0 0.261 0.254625 0.0914375 0.16666666666666666
0 0.3408541666666667 0.2060138888888889 0.10069791666666666 0.13734722222222223
0 0.6018541666666667 0.09490277777777778 0.09259375 0.1527777777777778
0 0.48842708333333335 0.06866666666666667 0.08795833333333333 0.13734722222222223
0 0.4010416666666667 0.09181944444444444 0.0914375 0.09722222222222222
0 0.2685208333333333 0.125 0.09490625 0.11727777777777777
0 0.15335416666666665 0.29938888888888887 0.08217708333333333 0.09259722222222222
0 0.11458333333333333 0.5841111111111111 0.07407291666666667 0.09722222222222222