0 0.5891249999999999 0.067125 0.08564583333333334 0.125
0 0.7714166666666666 0.223 0.10301041666666667 0.1527777777777778
0 0.7748854166666667 0.48688888888888887 0.098375 0.13116666666666665
0 0.6695625 0.4837916666666666 0.12384375 0.18981944444444443
0 0.7899270833333334 0.7145 0.089125 0.1327222222222222
0 0.6487291666666667 0.7584861111111111 0.11920833333333333 0.1466111111111111
0 0.2633125 0.14120833333333332 0.0960625 0.12808333333333333
0 0.2754583333333333 0.26929166666666665 0.1226875 0.125
0 0.4004583333333333 0.08333333333333333 0.07176041666666667 0.09259722222222222
0 0.4872708333333333 0.04938888888888889 0.07407291666666667 0.09876388888888889
0 0.18229166666666666 0.16204166666666667 0.06365625 0.11419444444444445
0 0.15219791666666668 0.28858333333333336 0.07522916666666667 0.08641666666666667
0 0.11227083333333333 0.5779305555555556 0.0601875 0.11883333333333333
0 0.13541666666666666 0.8078749999999999 0.048614583333333336 0.07870833333333334
0 0.2552083333333333 0.8410555555555554 0.06829166666666667 0.07716666666666668
0 0.35301041666666666 0.8935138888888889 0.09490625 0.10184722222222221