0 0.5625 0.2152777777777778 0.09721874999999999 0.27623611111111107
0 0.370375 0.19830555555555557 0.11342708333333333 0.14969444444444444
0 0.7650416666666667 0.27545833333333336 0.09028125000000001 0.12808333333333333
0 0.7714166666666666 0.48533333333333334 0.10301041666666667 0.1466111111111111
0 0.7835625 0.6998472222222222 0.08564583333333334 0.1466111111111111
0 0.14120833333333332 0.2847222222222222 0.04629166666666666 0.08179166666666667
0 0.2633125 0.25926388888888885 0.089125 0.09568055555555556
0 0.19096875000000002 0.27469444444444446 0.067125 0.09568055555555556
0 0.27025 0.10338888888888889 0.08680208333333334 0.120375
0 0.16261458333333334 0.165125 0.07754166666666666 0.09568055555555556
0 0.14583333333333334 0.8117222222222223 0.05555208333333333 0.0895
0 0.27025 0.8788611111111111 0.07522916666666667 0.10956944444444444
0 0.34259375 0.8796250000000001 0.07870833333333334 0.09876388888888889
0 0.6197916666666666 0.9475277777777779 0.07754166666666666 0.10494444444444445
0 0.76446875 0.8804027777777778 0.10069791666666666 0.11883333333333333
0 0.48206249999999995 0.05633333333333334 0.0914375 0.10648611111111111