0 0.5584479166666667 0.1466111111111111 0.08680208333333334 0.2376527777777778
0 0.7962916666666667 0.23533333333333334 0.10416666666666667 0.165125
0 0.7696770833333333 0.5023194444444444 0.09954166666666667 0.11265277777777778
0 0.7853020833333333 0.6720694444444444 0.08217708333333333 0.11265277777777778
0 0.6412083333333333 0.7515416666666667 0.11342708333333333 0.14505555555555555
0 0.7575208333333333 0.8796250000000001 0.08217708333333333 0.120375
0 0.6221041666666667 0.9467638888888888 0.07291666666666667 0.10648611111111111
0 0.2604166666666667 0.8688333333333332 0.07638541666666666 0.1111111111111111
0 0.3466458333333333 0.8950555555555556 0.07291666666666667 0.120375
0 0.15104166666666666 0.8101805555555556 0.07060416666666666 0.10184722222222221
0 0.37326041666666665 0.18133333333333335 0.098375 0.17129166666666668
0 0.2598333333333333 0.26543055555555556 0.10532291666666667 0.13580555555555557
0 0.2818333333333333 0.13734722222222223 0.08217708333333333 0.1388888888888889
0 0.1383125 0.2800972222222222 0.06829166666666667 0.09105555555555556
0 0.1898125 0.26543055555555556 0.05555208333333333 0.09876388888888889
0 0.48090625000000004 0.05323611111111111 0.07986458333333334 0.10030555555555555