0 0.47569791666666666 0.8186666666666668 0.13426041666666666 0.27005555555555555
0 0.35532291666666665 0.2013888888888889 0.09259375 0.14351388888888889
0 0.2581041666666667 0.28318055555555555 0.10185416666666666 0.15586111111111112
0 0.26967708333333335 0.10184722222222221 0.08333333333333333 0.11727777777777777
0 0.16435416666666666 0.15663888888888888 0.08333333333333333 0.08179166666666667
0 0.48842708333333335 0.04938888888888889 0.09490625 0.09876388888888889
0 0.5879583333333334 0.06404166666666666 0.09721874999999999 0.10648611111111111
0 0.78009375 0.2800972222222222 0.08333333333333333 0.1342638888888889
0 0.7766249999999999 0.5061666666666667 0.10185416666666666 0.13580555555555557
0 0.66840625 0.5146666666666667 0.11458333333333333 0.17129166666666668
0 0.78009375 0.7029305555555556 0.09721874999999999 0.12191666666666667
0 0.6475729166666666 0.7476805555555556 0.11227083333333333 0.14969444444444444
0 0.7604166666666666 0.8819444444444444 0.09259375 0.10956944444444444
0 0.6307916666666666 0.9251527777777778 0.09259375 0.11265277777777778
0 0.34375 0.8827222222222222 0.08795833333333333 0.09568055555555556
0 0.27488541666666666 0.8680555555555556 0.08680208333333334 0.11883333333333333
0 0.20891666666666667 0.7044722222222223 0.11458333333333333 0.11573611111111111
0 0.13715624999999998 0.8101805555555556 0.06365625 0.10184722222222221
0 0.18634374999999997 0.2538611111111111 0.07870833333333334 0.10030555555555555