0 0.3443333333333333 0.2091111111111111 0.08680208333333334 0.11573611111111111
0 0.25 0.26775 0.11111458333333334 0.11265277777777778
0 0.14757291666666666 0.2955277777777778 0.0914375 0.06944444444444445
0 0.26967708333333335 0.10648611111111111 0.08795833333333333 0.08025
0 0.160875 0.15431944444444445 0.07638541666666666 0.07406944444444444
0 0.489 0.050930555555555555 0.08680208333333334 0.09876388888888889
0 0.5989583333333334 0.06404166666666666 0.0960625 0.10648611111111111
0 0.7789375 0.2847222222222222 0.09721874999999999 0.11265277777777778
0 0.7760416666666666 0.4876527777777778 0.10069791666666666 0.14505555555555555
0 0.6695625 0.49845833333333334 0.0960625 0.1512361111111111
0 0.7806666666666667 0.7060138888888888 0.09375 0.12808333333333333
0 0.7569479166666666 0.8780833333333333 0.09490625 0.10184722222222221
0 0.6273125 0.9297777777777778 0.10185416666666666 0.11573611111111111
0 0.6365729166666667 0.7515416666666667 0.125 0.15740277777777778
0 0.35011458333333334 0.8811666666666668 0.098375 0.10184722222222221
0 0.2650416666666667 0.8402777777777778 0.07407291666666667 0.08179166666666667
0 0.13888541666666668 0.8132777777777777 0.067125 0.0895
0 0.11573958333333333 0.5864166666666667 0.07638541666666666 0.12654166666666666