0 0.2638854166666667 0.12268055555555556 0.06944791666666666 0.13734722222222223
0 0.5740729166666667 0.3641944444444445 0.1273125 0.25616666666666665
0 0.5399270833333334 0.1388888888888889 0.08680208333333334 0.25
0 0.3235 0.10802777777777778 0.08217708333333333 0.12654166666666666
0 0.25636458333333334 0.2816388888888889 0.10763541666666666 0.14351388888888889
0 0.3599583333333333 0.21141666666666667 0.08564583333333334 0.1327222222222222
0 0.14872916666666666 0.28626388888888893 0.06829166666666667 0.0756111111111111
0 0.19270833333333334 0.2708333333333333 0.052083333333333336 0.08795833333333333
0 0.1585625 0.1527777777777778 0.07176041666666667 0.07406944444444444
0 0.4745416666666667 0.04783333333333333 0.06944791666666666 0.09568055555555556
0 0.7714166666666666 0.4976805555555555 0.09375 0.10956944444444444
0 0.7939791666666667 0.6535555555555556 0.06944791666666666 0.09722222222222222
0 0.7569479166666666 0.8904305555555556 0.07870833333333334 0.10802777777777778
0 0.6226875 0.9544722222222223 0.08102083333333333 0.09105555555555556
0 0.6423645833333332 0.7515416666666667 0.10416666666666667 0.15431944444444445
0 0.14757291666666666 0.8101805555555556 0.06365625 0.09259722222222222
0 0.265625 0.8780833333333333 0.06596874999999999 0.10494444444444445
0 0.35127083333333337 0.896611111111111 0.08448958333333333 0.11727777777777777