0 0.47742708333333334 0.1118888888888889 0.11689583333333334 0.2237638888888889
0 0.39467708333333335 0.18441666666666667 0.125 0.16820833333333332
0 0.26967708333333335 0.2816388888888889 0.09721874999999999 0.13116666666666665
0 0.18808333333333332 0.25926388888888885 0.10069791666666666 0.10802777777777778
0 0.14409375000000002 0.17747222222222223 0.0960625 0.120375
0 0.5885416666666666 0.06404166666666666 0.08680208333333334 0.10956944444444444
0 0.76909375 0.2808611111111111 0.09375 0.11419444444444445
0 0.67765625 0.4976805555555555 0.10532291666666667 0.16820833333333332
0 0.7835625 0.5 0.1273125 0.1512361111111111
0 0.7893541666666667 0.7175972222222222 0.11573958333333333 0.14197222222222222
0 0.62846875 0.7484583333333333 0.13194791666666666 0.18209722222222224
0 0.6145833333333334 0.9128055555555556 0.10647916666666667 0.13116666666666665
0 0.7557916666666666 0.8726805555555556 0.08564583333333334 0.10338888888888889
0 0.3489583333333333 0.8688333333333332 0.10069791666666666 0.09876388888888889
0 0.25867708333333334 0.8541666666666666 0.09375 0.09722222222222222
0 0.140625 0.8163611111111111 0.07060416666666666 0.08025