0 0.5868020833333334 0.06404166666666666 0.10416666666666667 0.12191666666666667
0 0.4837916666666667 0.058638888888888886 0.08795833333333333 0.11727777777777777
0 0.379625 0.1998472222222222 0.13194791666666666 0.16204166666666667
0 0.2662083333333333 0.26156944444444447 0.11342708333333333 0.13116666666666665
0 0.20254166666666668 0.25616666666666665 0.09721874999999999 0.11419444444444445
0 0.14641666666666667 0.2939861111111111 0.07291666666666667 0.07870833333333334
0 0.7725729166666666 0.28318055555555555 0.10301041666666667 0.10956944444444444
0 0.7870416666666666 0.495375 0.129625 0.15740277777777778
0 0.6747708333333333 0.4884305555555556 0.10879166666666666 0.16204166666666667
0 0.7841458333333333 0.6990694444444444 0.0960625 0.129625
0 0.6481458333333333 0.7577222222222222 0.10879166666666666 0.1388888888888889
0 0.6313645833333333 0.9212916666666667 0.089125 0.10802777777777778
0 0.76215625 0.8873472222222222 0.098375 0.09876388888888889
0 0.34548958333333335 0.8788611111111111 0.08680208333333334 0.09105555555555556
0 0.26909374999999996 0.8773194444444444 0.08217708333333333 0.09722222222222222
0 0.13020833333333334 0.8109583333333333 0.06365625 0.09722222222222222
0 0.16319791666666666 0.1612638888888889 0.08102083333333333 0.06944444444444445