0 0.5966458333333333 0.5077222222222222 0.11689583333333334 0.18518055555555557
0 0.7702500000000001 0.28704166666666664 0.08448958333333333 0.11727777777777777
0 0.7760416666666666 0.495375 0.0960625 0.11727777777777777
0 0.6793958333333333 0.49459722222222224 0.08795833333333333 0.17129166666666668
0 0.78009375 0.7121944444444444 0.09954166666666667 0.1342638888888889
0 0.6383125 0.7546250000000001 0.11689583333333334 0.16358333333333333
0 0.6209479166666667 0.9182083333333334 0.10069791666666666 0.11419444444444445
0 0.7633125 0.8742222222222223 0.10069791666666666 0.10030555555555555
0 0.35185416666666663 0.8742222222222223 0.08795833333333333 0.10338888888888889
0 0.203125 0.7044722222222223 0.10995833333333334 0.09105555555555556
0 0.13252083333333334 0.8163611111111111 0.05903125 0.07716666666666668
0 0.26793750000000005 0.8695972222222222 0.07522916666666667 0.084875
0 0.34143749999999995 0.19676388888888888 0.09721874999999999 0.11883333333333333
0 0.2598333333333333 0.27237500000000003 0.098375 0.14969444444444444
0 0.18403124999999998 0.26466666666666666 0.08564583333333334 0.09105555555555556
0 0.13367708333333334 0.29320833333333335 0.05439583333333333 0.07716666666666668
0 0.16840624999999998 0.15894444444444444 0.07986458333333334 0.08025
0 0.265625 0.11727777777777777 0.0914375 0.10494444444444445
0 0.48668750000000005 0.051694444444444446 0.08680208333333334 0.0941388888888889
0 0.59375 0.067125 0.08795833333333333 0.11573611111111111