0 0.48090625000000004 0.07176388888888889 0.10532291666666667 0.14351388888888889
0 0.34490625 0.21836111111111112 0.09028125000000001 0.1527777777777778
0 0.28009375 0.12345833333333334 0.08564583333333334 0.13580555555555557
0 0.21007291666666666 0.14043055555555556 0.11227083333333333 0.14815277777777777
0 0.2633125 0.2800972222222222 0.10301041666666667 0.125
0 0.17997916666666666 0.28626388888888893 0.09375 0.10030555555555555
0 0.76909375 0.27623611111111107 0.098375 0.11419444444444445
0 0.7702500000000001 0.5030833333333333 0.08448958333333333 0.120375
0 0.6498854166666667 0.5663611111111111 0.13772916666666665 0.2376527777777778
0 0.7760416666666666 0.7060138888888888 0.098375 0.1527777777777778
0 0.6290520833333333 0.7322500000000001 0.16319791666666666 0.1527777777777778
0 0.62615625 0.9413611111111111 0.09954166666666667 0.11727777777777777
0 0.7517395833333332 0.8672777777777778 0.08680208333333334 0.10494444444444445
0 0.13946874999999997 0.8125 0.07522916666666667 0.09722222222222222
0 0.26446875 0.8703749999999999 0.07754166666666666 0.09259722222222222
0 0.34721874999999996 0.8827222222222222 0.07870833333333334 0.09876388888888889