0 0.76909375 0.26543055555555556 0.11458333333333333 0.12654166666666666
0 0.6678229166666667 0.5054027777777778 0.09721874999999999 0.14969444444444444
0 0.7743020833333334 0.49151388888888886 0.10185416666666666 0.14351388888888889
0 0.78009375 0.7075555555555556 0.09259375 0.1342638888888889
0 0.6278958333333333 0.7492222222222223 0.13541666666666666 0.1466111111111111
0 0.62384375 0.9212916666666667 0.09721874999999999 0.1111111111111111
0 0.7575208333333333 0.8734583333333333 0.08217708333333333 0.10184722222222221
0 0.35475 0.8912083333333333 0.0960625 0.10648611111111111
0 0.2662083333333333 0.8410555555555554 0.08795833333333333 0.09876388888888889
0 0.21585416666666665 0.682875 0.10995833333333334 0.12191666666666667
0 0.14930208333333334 0.8125 0.07870833333333334 0.09105555555555556
0 0.11805208333333334 0.5895 0.09028125000000001 0.1111111111111111
0 0.35069791666666666 0.21065277777777777 0.09259375 0.10956944444444444
0 0.5896979166666667 0.0663611111111111 0.10301041666666667 0.11419444444444445
0 0.484375 0.052472222222222226 0.08217708333333333 0.10184722222222221
0 0.27257291666666666 0.10570833333333333 0.0960625 0.09722222222222222
0 0.17534375000000002 0.17515277777777777 0.10069791666666666 0.12191666666666667
0 0.254625 0.26311111111111113 0.08795833333333333 0.15894444444444444
0 0.14641666666666667 0.29706944444444444 0.089125 0.09105555555555556