0 0.5630833333333333 0.33795833333333336 0.12615625 0.2314861111111111
0 0.3697916666666667 0.18981944444444443 0.12384375 0.15431944444444445
0 0.26215625 0.2847222222222222 0.10763541666666666 0.12191666666666667
0 0.18576041666666668 0.26156944444444447 0.07291666666666667 0.08795833333333333
0 0.14352083333333335 0.8117222222222223 0.0601875 0.10494444444444445
0 0.25636458333333334 0.8734583333333333 0.07522916666666667 0.09259722222222222
0 0.35011458333333334 0.8858055555555555 0.07522916666666667 0.09568055555555556
0 0.20196874999999997 0.7175972222222222 0.08448958333333333 0.07406944444444444
0 0.6782395833333333 0.4907361111111111 0.11342708333333333 0.15431944444444445
0 0.78009375 0.48070833333333335 0.11342708333333333 0.14969444444444444
0 0.7766249999999999 0.29244444444444445 0.09259375 0.11883333333333333
0 0.7881979166666666 0.7129583333333334 0.10185416666666666 0.14197222222222222
0 0.6388854166666668 0.7584861111111111 0.13888541666666668 0.18055555555555555
0 0.6232604166666668 0.9074027777777778 0.11227083333333333 0.11419444444444445
0 0.7609999999999999 0.8819444444444444 0.089125 0.10648611111111111
0 0.48206249999999995 0.05323611111111111 0.08217708333333333 0.10648611111111111
0 0.5896979166666667 0.06558333333333333 0.08448958333333333 0.10648611111111111
0 0.16897916666666665 0.15818055555555555 0.07407291666666667 0.07870833333333334