0 0.2598333333333333 0.11265277777777778 0.05670833333333333 0.1111111111111111
0 0.16493750000000001 0.16358333333333333 0.06828125 0.07715277777777778
0 0.55903125 0.11497222222222223 0.09954166666666667 0.22994444444444445
0 0.7170104166666668 0.15431944444444445 0.10763541666666666 0.18209722222222224
0 0.37615625 0.1882777777777778 0.10185416666666666 0.15431944444444445
0 0.2604166666666667 0.27469444444444446 0.09259375 0.12654166666666666
0 0.13888541666666668 0.28394444444444444 0.0601875 0.06790277777777778
0 0.19617708333333334 0.26466666666666666 0.05903125 0.10648611111111111
0 0.27025 0.8734583333333333 0.06596874999999999 0.1111111111111111
0 0.14872916666666666 0.8078749999999999 0.05903125 0.084875
0 0.35069791666666666 0.8996944444444444 0.07407291666666667 0.10802777777777778
0 0.6481458333333333 0.7484583333333333 0.09954166666666667 0.14197222222222222
0 0.6244166666666667 0.9483055555555555 0.08217708333333333 0.10338888888888889
0 0.7528958333333333 0.8804027777777778 0.089125 0.084875
0 0.796875 0.6589444444444444 0.05903125 0.11419444444444445
0 0.7696770833333333 0.5061666666666667 0.09721874999999999 0.10494444444444445
0 0.3130833333333333 0.10725 0.05439583333333333 0.13116666666666665
0 0.47685416666666663 0.04861111111111111 0.06944791666666666 0.09722222222222222