0 0.5989583333333334 0.0763888888888889 0.0914375 0.11883333333333333
0 0.48668750000000005 0.06172222222222222 0.07986458333333334 0.12345833333333334
0 0.27257291666666666 0.11959722222222222 0.098375 0.12808333333333333
0 0.16551041666666666 0.16744444444444445 0.09490625 0.08795833333333333
0 0.14641666666666667 0.2955277777777778 0.07754166666666666 0.07252777777777777
0 0.254625 0.26466666666666666 0.09721874999999999 0.10030555555555555
0 0.3489583333333333 0.209875 0.0960625 0.120375
0 0.7783541666666667 0.27469444444444446 0.0960625 0.10184722222222221
0 0.6759270833333333 0.509263888888889 0.10416666666666667 0.1388888888888889
0 0.77778125 0.495375 0.10416666666666667 0.1512361111111111
0 0.7766249999999999 0.7006111111111111 0.09259375 0.1327222222222222
0 0.63946875 0.7592638888888888 0.10995833333333334 0.18209722222222224
0 0.6221041666666667 0.9228333333333334 0.08680208333333334 0.10494444444444445
0 0.26215625 0.8387361111111111 0.07986458333333334 0.0941388888888889
0 0.35590625000000004 0.8788611111111111 0.089125 0.11883333333333333
0 0.14236458333333332 0.8179027777777778 0.0625 0.09568055555555556
0 0.10821875 0.5895 0.06829166666666667 0.09259722222222222