0 0.5017395833333333 0.120375 0.11920833333333333 0.24073611111111112
0 0.3431666666666667 0.2029305555555556 0.10995833333333334 0.14969444444444444
0 0.26446875 0.2855 0.12615625 0.1512361111111111
0 0.19096875000000002 0.28780555555555554 0.06944791666666666 0.08795833333333333
0 0.26793750000000005 0.10879166666666666 0.08680208333333334 0.10648611111111111
0 0.14236458333333332 0.2847222222222222 0.057875 0.0756111111111111
0 0.16725 0.15355555555555556 0.089125 0.08795833333333333
0 0.765625 0.26929166666666665 0.0960625 0.125
0 0.7771979166666667 0.495375 0.10995833333333334 0.14815277777777777
0 0.6834479166666667 0.5123472222222222 0.11689583333333334 0.18518055555555557
0 0.5671250000000001 0.5871944444444444 0.14814583333333334 0.2145
0 0.78125 0.7029305555555556 0.09954166666666667 0.12191666666666667
0 0.6464166666666666 0.7245416666666666 0.12846875 0.165125
0 0.6255833333333333 0.9429027777777778 0.098375 0.11419444444444445
0 0.7575208333333333 0.875 0.10763541666666666 0.1327222222222222
0 0.3466458333333333 0.8765416666666667 0.089125 0.11419444444444445
0 0.27257291666666666 0.8780833333333333 0.07291666666666667 0.11419444444444445
0 0.13946874999999997 0.8070972222222222 0.07522916666666667 0.09876388888888889