1704722823993 0.02757 0
1704722826186 0.09123 1
1704722828276 0.26407 2
1704722830264 0.32349 3
1704722831725 0.11329 4
1704722833175 0.09053 5
1704722834634 0.0358 6
1704722836054 0.09811 7
1704722837506 0.30004 8
1704722839397 0.52234 9
1704722841292 0.70302 10
1704722843206 0.84366 11
1704722845106 0.876 12
1704722846989 0.94055 13
1704722848883 0.93998 14
1704722850726 0.95561 15
1704722852186 0.96315 16
1704722853578 0.95849 17
1704722855430 0.96979 18
1704722856854 0.96316 19
1704722858355 0.97161 20
1704722859795 0.96829 21
1704722861255 0.97432 22
1704722863129 0.97618 23
1704722864553 0.97811 24
1704722865979 0.97487 25
1704722867837 0.9748 26
1704722869713 0.97924 27
1704722871533 0.9819 28
1704722873348 0.98274 29
1704722874779 0.9799 30
1704722876203 0.97221 31
1704722878052 0.98134 32
1704722879435 0.98316 33
1704722880843 0.98248 34
1704722882280 0.9745 35
1704722883694 0.97892 36
1704722885541 0.98124 37
1704722887396 0.98247 38
1704722889276 0.98656 39
