1704722823993 0.00884 0
1704722826186 0.03462 1
1704722828276 0.11754 2
1704722830264 0.14786 3
1704722831725 0.05488 4
1704722833175 0.04371 5
1704722834634 0.01654 6
1704722836054 0.03821 7
1704722837506 0.1345 8
1704722839397 0.23844 9
1704722841292 0.35386 10
1704722843206 0.4268 11
1704722845106 0.44198 12
1704722846989 0.47759 13
1704722848883 0.49977 14
1704722850726 0.51207 15
1704722852186 0.49501 16
1704722853578 0.50658 17
1704722855430 0.53612 18
1704722856854 0.52063 19
1704722858355 0.5301 20
1704722859795 0.52802 21
1704722861255 0.52734 22
1704722863129 0.54369 23
1704722864553 0.53782 24
1704722865979 0.53225 25
1704722867837 0.54498 26
1704722869713 0.55164 27
1704722871533 0.55351 28
1704722873348 0.55472 29
1704722874779 0.54816 30
1704722876203 0.54983 31
1704722878052 0.56357 32
1704722879435 0.55749 33
1704722880843 0.55298 34
1704722882280 0.53104 35
1704722883694 0.55138 36
1704722885541 0.56401 37
1704722887396 0.56538 38
1704722889276 0.57121 39
