1704722823993 0.0265 0
1704722826186 0.04817 1
1704722828276 0.57836 2
1704722830264 0.53874 3
1704722831725 0.04492 4
1704722833175 0.04977 5
1704722834634 0.0359 6
1704722836054 0.05441 7
1704722837506 0.91095 8
1704722839397 0.90753 9
1704722841292 0.9059 10
1704722843206 0.93033 11
1704722845106 0.90106 12
1704722846989 0.90906 13
1704722848883 0.89606 14
1704722850726 0.91083 15
1704722852186 0.93546 16
1704722853578 0.93266 17
1704722855430 0.93798 18
1704722856854 0.95031 19
1704722858355 0.93799 20
1704722859795 0.91496 21
1704722861255 0.91442 22
1704722863129 0.93182 23
1704722864553 0.91527 24
1704722865979 0.93049 25
1704722867837 0.93418 26
1704722869713 0.92851 27
1704722871533 0.93643 28
1704722873348 0.93296 29
1704722874779 0.92361 30
1704722876203 0.91642 31
1704722878052 0.91684 32
1704722879435 0.9274 33
1704722880843 0.93071 34
1704722882280 0.91749 35
1704722883694 0.91815 36
1704722885541 0.93008 37
1704722887396 0.92607 38
1704722889276 0.92415 39
