1704722823993 0.45821 0
1704722826186 0.83285 1
1704722828276 0.19597 2
1704722830264 0.24572 3
1704722831725 0.60519 4
1704722833175 0.44092 5
1704722834634 0.20173 6
1704722836054 0.38617 7
1704722837506 0.17689 8
1704722839397 0.28284 9
1704722841292 0.56196 10
1704722843206 0.69272 11
1704722845106 0.73199 12
1704722846989 0.92507 13
1704722848883 0.92219 14
1704722850726 0.93948 15
1704722852186 0.96078 16
1704722853578 0.95788 17
1704722855430 0.95887 18
1704722856854 0.94813 19
1704722858355 0.95908 20
1704722859795 0.96125 21
1704722861255 0.97406 22
1704722863129 0.97406 23
1704722864553 0.97118 24
1704722865979 0.9644 25
1704722867837 0.96254 26
1704722869713 0.97316 27
1704722871533 0.97636 28
1704722873348 0.97983 29
1704722874779 0.97562 30
1704722876203 0.97118 31
1704722878052 0.97406 32
1704722879435 0.95718 33
1704722880843 0.95965 34
1704722882280 0.96137 35
1704722883694 0.9698 36
1704722885541 0.97406 37
1704722887396 0.97469 38
1704722889276 0.98559 39
