1704723072995 0.02757 0
1704723075573 0.09123 1
1704723078006 0.26407 2
1704723080360 0.32349 3
1704723082512 0.11329 4
1704723084774 0.09053 5
1704723086506 0.0358 6
1704723087921 0.09811 7
1704723089258 0.30004 8
1704723090732 0.52234 9
1704723092241 0.70302 10
1704723093771 0.84366 11
1704723095384 0.876 12
1704723096872 0.94055 13
1704723098449 0.93998 14
1704723100301 0.95561 15
1704723101999 0.96315 16
1704723103339 0.95849 17
1704723104975 0.96979 18
1704723106181 0.96316 19
1704723107383 0.97161 20
1704723108579 0.96829 21
1704723109763 0.97432 22
1704723111287 0.97618 23
1704723112494 0.97811 24
1704723113686 0.97487 25
1704723115205 0.9748 26
1704723116933 0.97924 27
1704723118458 0.9819 28
1704723119940 0.98274 29
1704723121148 0.9799 30
1704723122659 0.97221 31
1704723124194 0.98134 32
1704723125411 0.98316 33
1704723126670 0.98248 34
1704723127885 0.9745 35
1704723129070 0.97892 36
1704723130562 0.98124 37
1704723132071 0.98247 38
1704723133588 0.98656 39
1704723140049 0.98729 40
1704723141235 0.98697 41
1704723142622 0.98529 42
1704723144098 0.98381 43
1704723145229 0.98485 44
1704723146387 0.9857 45
1704723147518 0.98581 46
1704723148660 0.98516 47
1704723149817 0.98513 48
1704723150982 0.98455 49
1704723153982 0.9838382212068618 49
