1704723072995 0.00884 0
1704723075573 0.03462 1
1704723078006 0.11754 2
1704723080360 0.14786 3
1704723082512 0.05488 4
1704723084774 0.04371 5
1704723086506 0.01654 6
1704723087921 0.03821 7
1704723089258 0.1345 8
1704723090732 0.23844 9
1704723092241 0.35386 10
1704723093771 0.4268 11
1704723095384 0.44198 12
1704723096872 0.47759 13
1704723098449 0.49977 14
1704723100301 0.51207 15
1704723101999 0.49501 16
1704723103339 0.50658 17
1704723104975 0.53612 18
1704723106181 0.52063 19
1704723107383 0.5301 20
1704723108579 0.52802 21
1704723109763 0.52734 22
1704723111287 0.54369 23
1704723112494 0.53782 24
1704723113686 0.53225 25
1704723115205 0.54498 26
1704723116933 0.55164 27
1704723118458 0.55351 28
1704723119940 0.55472 29
1704723121148 0.54816 30
1704723122659 0.54983 31
1704723124194 0.56357 32
1704723125411 0.55749 33
1704723126670 0.55298 34
1704723127885 0.53104 35
1704723129070 0.55138 36
1704723130562 0.56401 37
1704723132071 0.56538 38
1704723133588 0.57121 39
1704723140049 0.57028 40
1704723141235 0.57041 41
1704723142622 0.56933 42
1704723144098 0.57694 43
1704723145229 0.57239 44
1704723146387 0.57295 45
1704723147518 0.56756 46
1704723148660 0.5649 47
1704723149817 0.56309 48
1704723150982 0.55725 49
1704723153982 0.576851708563318 49
