1704723072995 0.0265 0
1704723075573 0.04817 1
1704723078006 0.57836 2
1704723080360 0.53874 3
1704723082512 0.04492 4
1704723084774 0.04977 5
1704723086506 0.0359 6
1704723087921 0.05441 7
1704723089258 0.91095 8
1704723090732 0.90753 9
1704723092241 0.9059 10
1704723093771 0.93033 11
1704723095384 0.90106 12
1704723096872 0.90906 13
1704723098449 0.89606 14
1704723100301 0.91083 15
1704723101999 0.93546 16
1704723103339 0.93266 17
1704723104975 0.93798 18
1704723106181 0.95031 19
1704723107383 0.93799 20
1704723108579 0.91496 21
1704723109763 0.91442 22
1704723111287 0.93182 23
1704723112494 0.91527 24
1704723113686 0.93049 25
1704723115205 0.93418 26
1704723116933 0.92851 27
1704723118458 0.93643 28
1704723119940 0.93296 29
1704723121148 0.92361 30
1704723122659 0.91642 31
1704723124194 0.91684 32
1704723125411 0.9274 33
1704723126670 0.93071 34
1704723127885 0.91749 35
1704723129070 0.91815 36
1704723130562 0.93008 37
1704723132071 0.92607 38
1704723133588 0.92415 39
1704723140049 0.91963 40
1704723141235 0.92233 41
1704723142622 0.9271 42
1704723144098 0.93881 43
1704723145229 0.94643 44
1704723146387 0.94164 45
1704723147518 0.94868 46
1704723148660 0.95178 47
1704723149817 0.93616 48
1704723150982 0.92966 49
1704723153982 0.9388038100690205 49
