1704723072995 0.45821 0
1704723075573 0.83285 1
1704723078006 0.19597 2
1704723080360 0.24572 3
1704723082512 0.60519 4
1704723084774 0.44092 5
1704723086506 0.20173 6
1704723087921 0.38617 7
1704723089258 0.17689 8
1704723090732 0.28284 9
1704723092241 0.56196 10
1704723093771 0.69272 11
1704723095384 0.73199 12
1704723096872 0.92507 13
1704723098449 0.92219 14
1704723100301 0.93948 15
1704723101999 0.96078 16
1704723103339 0.95788 17
1704723104975 0.95887 18
1704723106181 0.94813 19
1704723107383 0.95908 20
1704723108579 0.96125 21
1704723109763 0.97406 22
1704723111287 0.97406 23
1704723112494 0.97118 24
1704723113686 0.9644 25
1704723115205 0.96254 26
1704723116933 0.97316 27
1704723118458 0.97636 28
1704723119940 0.97983 29
1704723121148 0.97562 30
1704723122659 0.97118 31
1704723124194 0.97406 32
1704723125411 0.95718 33
1704723126670 0.95965 34
1704723127885 0.96137 35
1704723129070 0.9698 36
1704723130562 0.97406 37
1704723132071 0.97469 38
1704723133588 0.98559 39
1704723140049 0.98933 40
1704723141235 0.99237 41
1704723142622 0.98948 42
1704723144098 0.97276 43
1704723145229 0.96744 44
1704723146387 0.9683 45
1704723147518 0.96542 46
1704723148660 0.96708 47
1704723149817 0.97406 48
1704723150982 0.97406 49
1704723153982 0.9726230564998956 49
